201505_cell9.008 Tue, May 26, 2015 4:20:31 PM Tozer
Magnet: Cell 9
Trigger spacing of 0.000000 on column #0
Scale Factors:	1.000000000E+0	1.000000000E+0	1.000000000E+0	1.000000000E+0	1.000000000E+0	1.000000000E+0	1.000000000E+0	1.000000000E+0
CeCu2Ge2 @ 21.6 kbar low temp
f=428
LO1=361
LO2=70
Timestamp_008  	Field_008      	Sorb_T_008     	1kpot_T_008    	He3_T_008      	Probe_T_008    	Freq_008       	Stepper_008
1.790000000E-1	1.525378320E-4	4.899700000E+0	1.550100000E+0	3.603000000E-1	4.286000000E-1	2.877708009E+6	0.000000000E+0
1.135000000E+0	1.186405360E-4	4.899300000E+0	1.550100000E+0	3.603000000E-1	4.286000000E-1	2.877698633E+6	0.000000000E+0
2.149000000E+0	1.779608040E-4	4.899100000E+0	1.550100000E+0	3.602000000E-1	4.286000000E-1	2.879831537E+6	0.000000000E+0
3.125000000E+0	7.626891600E-5	4.898900000E+0	1.550200000E+0	3.601000000E-1	4.286000000E-1	2.878483975E+6	0.000000000E+0
4.109000000E+0	1.440635080E-4	4.898800000E+0	1.550200000E+0	3.601000000E-1	4.286000000E-1	2.878346925E+6	0.000000000E+0
5.068000000E+0	1.271148600E-4	4.898700000E+0	1.550200000E+0	3.600000000E-1	4.286000000E-1	2.878110453E+6	0.000000000E+0
6.005000000E+0	1.271148600E-4	4.898600000E+0	1.550200000E+0	3.600000000E-1	4.286000000E-1	2.878032641E+6	0.000000000E+0
6.958000000E+0	1.186405360E-4	4.898400000E+0	1.550200000E+0	3.599000000E-1	4.285000000E-1	2.879216985E+6	0.000000000E+0
7.909000000E+0	1.525378320E-4	4.898200000E+0	1.550200000E+0	3.598000000E-1	4.285000000E-1	2.877648342E+6	0.000000000E+0
8.873000000E+0	1.016918880E-4	4.898600000E+0	1.550200000E+0	3.598000000E-1	4.285000000E-1	2.877970850E+6	0.000000000E+0
9.821000000E+0	4.008355252E-3	4.899300000E+0	1.550200000E+0	3.599000000E-1	4.285000000E-1	2.922463662E+6	0.000000000E+0
1.075800000E+1	4.930361681E-2	4.899800000E+0	1.550200000E+0	3.703000000E-1	4.289000000E-1	2.963045655E+6	0.000000000E+0
1.170000000E+1	9.685304730E-2	4.900300000E+0	1.550200000E+0	3.835000000E-1	4.299000000E-1	2.987961186E+6	0.000000000E+0
1.267100000E+1	1.470888357E-1	4.900900000E+0	1.550100000E+0	3.938000000E-1	4.309000000E-1	2.997744869E+6	0.000000000E+0
1.364400000E+1	1.925705252E-1	4.901800000E+0	1.550100000E+0	4.039000000E-1	4.325000000E-1	2.999328450E+6	0.000000000E+0
1.460400000E+1	2.428402018E-1	4.902700000E+0	1.550000000E+0	4.124000000E-1	4.344000000E-1	3.000941352E+6	0.000000000E+0
1.559800000E+1	2.925590406E-1	4.903200000E+0	1.550000000E+0	4.197000000E-1	4.366000000E-1	3.000891508E+6	0.000000000E+0
1.656200000E+1	3.405321618E-1	4.903800000E+0	1.549800000E+0	4.254000000E-1	4.387000000E-1	3.001171738E+6	0.000000000E+0
1.751500000E+1	3.887340807E-1	4.904100000E+0	1.549700000E+0	4.307000000E-1	4.411000000E-1	3.002478849E+6	0.000000000E+0
1.850300000E+1	4.379359587E-1	4.904400000E+0	1.549600000E+0	4.353000000E-1	4.436000000E-1	3.003708508E+6	0.000000000E+0
1.945600000E+1	4.845192621E-1	4.904700000E+0	1.549500000E+0	4.389000000E-1	4.459000000E-1	3.002404929E+6	0.000000000E+0
2.046200000E+1	5.364667922E-1	4.905000000E+0	1.549300000E+0	4.416000000E-1	4.480000000E-1	3.005166732E+6	0.000000000E+0
2.143500000E+1	5.827958401E-1	4.905300000E+0	1.549100000E+0	4.441000000E-1	4.503000000E-1	3.003604727E+6	0.000000000E+0
2.238800000E+1	6.312180274E-1	4.905200000E+0	1.548900000E+0	4.461000000E-1	4.525000000E-1	3.003704323E+6	0.000000000E+0
2.337600000E+1	6.782843097E-1	4.905200000E+0	1.548700000E+0	4.480000000E-1	4.544000000E-1	3.005141467E+6	0.000000000E+0
2.431000000E+1	7.289775750E-1	4.905400000E+0	1.548400000E+0	4.495000000E-1	4.565000000E-1	3.004583750E+6	0.000000000E+0
2.526100000E+1	7.766285474E-1	4.905900000E+0	1.548200000E+0	4.507000000E-1	4.583000000E-1	3.003244637E+6	0.000000000E+0
2.621400000E+1	8.205931830E-1	4.906500000E+0	1.547800000E+0	4.518000000E-1	4.603000000E-1	3.004405893E+6	0.000000000E+0
2.716700000E+1	8.723795688E-1	4.907000000E+0	1.547600000E+0	4.526000000E-1	4.620000000E-1	3.004412789E+6	0.000000000E+0
2.811600000E+1	9.166322902E-1	4.907700000E+0	1.547300000E+0	4.533000000E-1	4.638000000E-1	3.003763267E+6	0.000000000E+0
2.907500000E+1	9.674186611E-1	4.908400000E+0	1.547000000E+0	4.539000000E-1	4.655000000E-1	3.004686829E+6	0.000000000E+0
3.005300000E+1	1.015840681E+0	4.909100000E+0	1.546600000E+0	4.544000000E-1	4.672000000E-1	3.003423634E+6	0.000000000E+0
3.098900000E+1	1.061618703E+0	4.909700000E+0	1.546200000E+0	4.548000000E-1	4.689000000E-1	3.005515048E+6	0.000000000E+0
3.197300000E+1	1.112303299E+0	4.910600000E+0	1.545800000E+0	4.551000000E-1	4.703000000E-1	3.003941700E+6	0.000000000E+0
3.291100000E+1	1.159182920E+0	4.911500000E+0	1.545400000E+0	4.555000000E-1	4.719000000E-1	3.007482788E+6	0.000000000E+0
3.385900000E+1	1.206443854E+0	4.912700000E+0	1.545000000E+0	4.557000000E-1	4.733000000E-1	3.005178741E+6	0.000000000E+0
3.480500000E+1	1.253060715E+0	4.913800000E+0	1.544500000E+0	4.559000000E-1	4.747000000E-1	3.005450957E+6	0.000000000E+0
3.576400000E+1	1.301643570E+0	4.914500000E+0	1.544100000E+0	4.560000000E-1	4.758000000E-1	3.007340793E+6	0.000000000E+0
3.672600000E+1	1.348319687E+0	4.915100000E+0	1.543500000E+0	4.560000000E-1	4.774000000E-1	3.006474383E+6	0.000000000E+0
3.767800000E+1	1.398529525E+0	4.915700000E+0	1.543000000E+0	4.560000000E-1	4.788000000E-1	3.006406549E+6	0.000000000E+0
3.865900000E+1	1.445137779E+0	4.916400000E+0	1.542500000E+0	4.560000000E-1	4.803000000E-1	3.007889233E+6	0.000000000E+0
3.962900000E+1	1.495152633E+0	4.916700000E+0	1.541900000E+0	4.560000000E-1	4.818000000E-1	3.008049787E+6	0.000000000E+0
4.062100000E+1	1.544159014E+0	4.917000000E+0	1.541200000E+0	4.559000000E-1	4.833000000E-1	3.009318928E+6	0.000000000E+0
4.156700000E+1	1.591580677E+0	4.917100000E+0	1.540700000E+0	4.558000000E-1	4.846000000E-1	3.010073877E+6	0.000000000E+0
4.252300000E+1	1.638587065E+0	4.917200000E+0	1.539900000E+0	4.557000000E-1	4.861000000E-1	3.010112145E+6	0.000000000E+0
4.346600000E+1	1.688398368E+0	4.917400000E+0	1.539300000E+0	4.556000000E-1	4.873000000E-1	3.010757012E+6	0.000000000E+0
4.441400000E+1	1.728743964E+0	4.917700000E+0	1.538600000E+0	4.555000000E-1	4.887000000E-1	3.010316351E+6	0.000000000E+0
4.537400000E+1	1.781207598E+0	4.917800000E+0	1.537900000E+0	4.554000000E-1	4.899000000E-1	3.011203012E+6	0.000000000E+0
4.632600000E+1	1.829179869E+0	4.918000000E+0	1.537100000E+0	4.552000000E-1	4.912000000E-1	3.011549610E+6	0.000000000E+0
4.728600000E+1	1.877092775E+0	4.918000000E+0	1.536400000E+0	4.551000000E-1	4.924000000E-1	3.012217378E+6	0.000000000E+0
4.823700000E+1	1.925547977E+0	4.918100000E+0	1.535600000E+0	4.549000000E-1	4.936000000E-1	3.014713024E+6	0.000000000E+0
4.920900000E+1	1.975519999E+0	4.918300000E+0	1.534800000E+0	4.547000000E-1	4.948000000E-1	3.013559544E+6	0.000000000E+0
5.016100000E+1	2.022042996E+0	4.918500000E+0	1.533900000E+0	4.545000000E-1	4.959000000E-1	3.014031735E+6	0.000000000E+0
5.111700000E+1	2.068133763E+0	4.918800000E+0	1.533000000E+0	4.543000000E-1	4.970000000E-1	3.015760938E+6	0.000000000E+0
5.207000000E+1	2.116241319E+0	4.918800000E+0	1.532100000E+0	4.542000000E-1	4.980000000E-1	3.017121212E+6	0.000000000E+0
5.302700000E+1	2.165501298E+0	4.918900000E+0	1.531200000E+0	4.540000000E-1	4.992000000E-1	3.015924176E+6	0.000000000E+0
5.397300000E+1	2.208786984E+0	4.919000000E+0	1.530200000E+0	4.538000000E-1	5.002000000E-1	3.017034603E+6	0.000000000E+0
5.492000000E+1	2.260250113E+0	4.919500000E+0	1.529000000E+0	4.537000000E-1	5.012000000E-1	3.017864391E+6	0.000000000E+0
5.589300000E+1	2.307289709E+0	4.919700000E+0	1.527800000E+0	4.535000000E-1	5.023000000E-1	3.018730793E+6	0.000000000E+0
5.685800000E+1	2.355388506E+0	4.920000000E+0	1.526600000E+0	4.534000000E-1	5.032000000E-1	3.018401978E+6	0.000000000E+0
5.781600000E+1	2.404004159E+0	4.920200000E+0	1.525300000E+0	4.532000000E-1	5.041000000E-1	3.019181704E+6	0.000000000E+0
5.876900000E+1	2.452238417E+0	4.920700000E+0	1.524100000E+0	4.530000000E-1	5.050000000E-1	3.022970673E+6	0.000000000E+0
5.974600000E+1	2.499591311E+0	4.921300000E+0	1.522800000E+0	4.528000000E-1	5.060000000E-1	3.023116615E+6	0.000000000E+0
6.070600000E+1	2.549537192E+0	4.921700000E+0	1.521500000E+0	4.526000000E-1	5.070000000E-1	3.022857952E+6	0.000000000E+0
6.164800000E+1	2.597347552E+0	4.921800000E+0	1.520200000E+0	4.524000000E-1	5.078000000E-1	3.025159343E+6	0.000000000E+0
6.261000000E+1	2.640336144E+0	4.922000000E+0	1.518800000E+0	4.521000000E-1	5.088000000E-1	3.024723790E+6	0.000000000E+0
6.356100000E+1	2.692154569E+0	4.922400000E+0	1.517500000E+0	4.518000000E-1	5.095000000E-1	3.025552526E+6	0.000000000E+0
6.451200000E+1	2.739837618E+0	4.922800000E+0	1.516000000E+0	4.515000000E-1	5.103000000E-1	3.028225349E+6	0.000000000E+0
6.547200000E+1	2.788325622E+0	4.923300000E+0	1.514700000E+0	4.513000000E-1	5.110000000E-1	3.027168545E+6	0.000000000E+0
6.644400000E+1	2.835813628E+0	4.923600000E+0	1.513100000E+0	4.510000000E-1	5.117000000E-1	3.029064768E+6	0.000000000E+0
6.739200000E+1	2.883267666E+0	4.923900000E+0	1.511800000E+0	4.507000000E-1	5.125000000E-1	3.030164504E+6	0.000000000E+0
6.838900000E+1	2.932594367E+0	4.924400000E+0	1.510200000E+0	4.504000000E-1	5.132000000E-1	3.033155612E+6	0.000000000E+0
6.934600000E+1	2.981632875E+0	4.924900000E+0	1.508500000E+0	4.501000000E-1	5.140000000E-1	3.034034397E+6	0.000000000E+0
7.031000000E+1	3.029247690E+0	4.925300000E+0	1.506900000E+0	4.497000000E-1	5.148000000E-1	3.035298829E+6	0.000000000E+0
7.129400000E+1	3.080192659E+0	4.925700000E+0	1.505200000E+0	4.494000000E-1	5.156000000E-1	3.034905616E+6	0.000000000E+0
7.227800000E+1	3.127519202E+0	4.925800000E+0	1.503600000E+0	4.490000000E-1	5.164000000E-1	3.037909125E+6	0.000000000E+0
7.322600000E+1	3.173515272E+0	4.925500000E+0	1.501900000E+0	4.487000000E-1	5.172000000E-1	3.037757064E+6	0.000000000E+0
7.418800000E+1	3.223460072E+0	4.924900000E+0	1.500100000E+0	4.482000000E-1	5.180000000E-1	3.039112320E+6	0.000000000E+0
7.519100000E+1	3.275209705E+0	4.924200000E+0	1.498400000E+0	4.479000000E-1	5.187000000E-1	3.039634545E+6	0.000000000E+0
7.616600000E+1	3.321891907E+0	4.924100000E+0	1.496600000E+0	4.474000000E-1	5.194000000E-1	3.041531082E+6	0.000000000E+0
7.711500000E+1	3.369989150E+0	4.924000000E+0	1.494800000E+0	4.470000000E-1	5.201000000E-1	3.042642237E+6	0.000000000E+0
7.809600000E+1	3.418569311E+0	4.924000000E+0	1.492800000E+0	4.465000000E-1	5.208000000E-1	3.043681224E+6	0.000000000E+0
7.907000000E+1	3.466607060E+0	4.924300000E+0	1.491000000E+0	4.461000000E-1	5.215000000E-1	3.044819355E+6	0.000000000E+0
8.005800000E+1	3.515356514E+0	4.924900000E+0	1.489100000E+0	4.456000000E-1	5.221000000E-1	3.046233965E+6	0.000000000E+0
8.101900000E+1	3.564224507E+0	4.925200000E+0	1.487100000E+0	4.451000000E-1	5.227000000E-1	3.047679556E+6	0.000000000E+0
8.198200000E+1	3.613719458E+0	4.925500000E+0	1.485300000E+0	4.446000000E-1	5.233000000E-1	3.048771701E+6	0.000000000E+0
8.296600000E+1	3.656189623E+0	4.925600000E+0	1.483200000E+0	4.440000000E-1	5.239000000E-1	3.049921980E+6	0.000000000E+0
8.394500000E+1	3.711370221E+0	4.925600000E+0	1.481000000E+0	4.434000000E-1	5.246000000E-1	3.052949091E+6	0.000000000E+0
8.489200000E+1	3.756458573E+0	4.925700000E+0	1.479000000E+0	4.429000000E-1	5.252000000E-1	3.052013175E+6	0.000000000E+0
8.591000000E+1	3.808893482E+0	4.926000000E+0	1.476600000E+0	4.422000000E-1	5.257000000E-1	3.054127890E+6	0.000000000E+0
8.687000000E+1	3.858023563E+0	4.926200000E+0	1.474600000E+0	4.415000000E-1	5.262000000E-1	3.055229895E+6	0.000000000E+0
8.785000000E+1	3.907289118E+0	4.926400000E+0	1.472200000E+0	4.409000000E-1	5.269000000E-1	3.056212430E+6	0.000000000E+0
8.882400000E+1	3.957223979E+0	4.926700000E+0	1.469900000E+0	4.402000000E-1	5.275000000E-1	3.057140751E+6	0.000000000E+0
8.980100000E+1	4.005777538E+0	4.927200000E+0	1.467600000E+0	4.395000000E-1	5.281000000E-1	3.058233587E+6	0.000000000E+0
9.077100000E+1	4.052907437E+0	4.927700000E+0	1.465400000E+0	4.389000000E-1	5.287000000E-1	3.061123950E+6	0.000000000E+0
9.171500000E+1	4.099554243E+0	4.928400000E+0	1.463000000E+0	4.382000000E-1	5.293000000E-1	3.062635411E+6	0.000000000E+0
9.266300000E+1	4.148099016E+0	4.928900000E+0	1.460900000E+0	4.376000000E-1	5.299000000E-1	3.062869334E+6	0.000000000E+0
9.361500000E+1	4.194779511E+0	4.929400000E+0	1.458400000E+0	4.370000000E-1	5.305000000E-1	3.063639091E+6	0.000000000E+0
9.455400000E+1	4.241197226E+0	4.929900000E+0	1.456100000E+0	4.363000000E-1	5.310000000E-1	3.064513348E+6	0.000000000E+0
9.551500000E+1	4.291588886E+0	4.930300000E+0	1.453500000E+0	4.356000000E-1	5.314000000E-1	3.065714805E+6	0.000000000E+0
9.647200000E+1	4.339718019E+0	4.930500000E+0	1.451200000E+0	4.349000000E-1	5.318000000E-1	3.066871362E+6	0.000000000E+0
9.741900000E+1	4.385872734E+0	4.930300000E+0	1.448500000E+0	4.342000000E-1	5.323000000E-1	3.067997785E+6	0.000000000E+0
9.837600000E+1	4.433289880E+0	4.930200000E+0	1.446100000E+0	4.335000000E-1	5.327000000E-1	3.069317457E+6	0.000000000E+0
9.933500000E+1	4.481393257E+0	4.930200000E+0	1.443400000E+0	4.328000000E-1	5.332000000E-1	3.072696335E+6	0.000000000E+0
1.002660000E+2	4.526674892E+0	4.930300000E+0	1.440900000E+0	4.321000000E-1	5.337000000E-1	3.071638846E+6	0.000000000E+0
1.012260000E+2	4.568889078E+0	4.930500000E+0	1.438100000E+0	4.314000000E-1	5.342000000E-1	3.074905755E+6	0.000000000E+0
1.021730000E+2	4.624965508E+0	4.930500000E+0	1.435600000E+0	4.307000000E-1	5.348000000E-1	3.074041492E+6	0.000000000E+0
1.031260000E+2	4.670128183E+0	4.930600000E+0	1.432700000E+0	4.300000000E-1	5.355000000E-1	3.074965968E+6	0.000000000E+0
1.040920000E+2	4.720095094E+0	4.930500000E+0	1.430000000E+0	4.294000000E-1	5.362000000E-1	3.076824977E+6	0.000000000E+0
1.050690000E+2	4.770163551E+0	4.930100000E+0	1.427100000E+0	4.287000000E-1	5.368000000E-1	3.076866553E+6	0.000000000E+0
1.060360000E+2	4.816808693E+0	4.929900000E+0	1.424100000E+0	4.280000000E-1	5.375000000E-1	3.079626449E+6	0.000000000E+0
1.069910000E+2	4.865029733E+0	4.929800000E+0	1.421300000E+0	4.274000000E-1	5.381000000E-1	3.083113010E+6	0.000000000E+0
1.079490000E+2	4.912708362E+0	4.930000000E+0	1.418300000E+0	4.268000000E-1	5.388000000E-1	3.082708635E+6	0.000000000E+0
1.088970000E+2	4.960124198E+0	4.930100000E+0	1.415300000E+0	4.262000000E-1	5.395000000E-1	3.083515753E+6	0.000000000E+0
1.098640000E+2	5.006828166E+0	4.930400000E+0	1.412400000E+0	4.257000000E-1	5.400000000E-1	3.083005839E+6	0.000000000E+0
1.108200000E+2	5.056870417E+0	4.930800000E+0	1.409200000E+0	4.251000000E-1	5.406000000E-1	3.085880924E+6	0.000000000E+0
1.117690000E+2	5.103540238E+0	4.931400000E+0	1.406100000E+0	4.246000000E-1	5.412000000E-1	3.086676745E+6	0.000000000E+0
1.127120000E+2	5.151057240E+0	4.932200000E+0	1.402800000E+0	4.240000000E-1	5.418000000E-1	3.087610688E+6	0.000000000E+0
1.136750000E+2	5.198667315E+0	4.933300000E+0	1.399800000E+0	4.236000000E-1	5.424000000E-1	3.090800535E+6	0.000000000E+0
1.146150000E+2	5.245243550E+0	4.934100000E+0	1.396400000E+0	4.230000000E-1	5.430000000E-1	3.090347069E+6	0.000000000E+0
1.155770000E+2	5.294564907E+0	4.934600000E+0	1.393400000E+0	4.226000000E-1	5.434000000E-1	3.091239918E+6	0.000000000E+0
1.165520000E+2	5.341073094E+0	4.934900000E+0	1.390000000E+0	4.220000000E-1	5.440000000E-1	3.094422901E+6	0.000000000E+0
1.175010000E+2	5.391105896E+0	4.935100000E+0	1.386500000E+0	4.215000000E-1	5.445000000E-1	3.095001773E+6	0.000000000E+0
1.184750000E+2	5.438655982E+0	4.935100000E+0	1.383300000E+0	4.211000000E-1	5.450000000E-1	3.094690412E+6	0.000000000E+0
1.194120000E+2	5.481935591E+0	4.934800000E+0	1.379800000E+0	4.206000000E-1	5.456000000E-1	3.094366286E+6	0.000000000E+0
1.203730000E+2	5.533611700E+0	4.934700000E+0	1.376500000E+0	4.202000000E-1	5.462000000E-1	3.098265860E+6	0.000000000E+0
1.213230000E+2	5.581288461E+0	4.934700000E+0	1.372900000E+0	4.198000000E-1	5.469000000E-1	3.097438867E+6	0.000000000E+0
1.222690000E+2	5.628609222E+0	4.935100000E+0	1.369600000E+0	4.195000000E-1	5.475000000E-1	3.098546297E+6	0.000000000E+0
1.232200000E+2	5.676277226E+0	4.935600000E+0	1.365900000E+0	4.191000000E-1	5.480000000E-1	3.101996160E+6	0.000000000E+0
1.241700000E+2	5.725376983E+0	4.936100000E+0	1.362500000E+0	4.187000000E-1	5.485000000E-1	3.100675214E+6	0.000000000E+0
1.251060000E+2	5.770596069E+0	4.936400000E+0	1.358800000E+0	4.184000000E-1	5.490000000E-1	3.104487291E+6	0.000000000E+0
1.260810000E+2	5.818687274E+0	4.936600000E+0	1.355300000E+0	4.181000000E-1	5.494000000E-1	3.102032600E+6	0.000000000E+0
1.270370000E+2	5.868752464E+0	4.936900000E+0	1.351400000E+0	4.177000000E-1	5.500000000E-1	3.104176558E+6	0.000000000E+0
1.279950000E+2	5.916945032E+0	4.937200000E+0	1.347400000E+0	4.174000000E-1	5.506000000E-1	3.107694258E+6	0.000000000E+0
1.289690000E+2	5.963934331E+0	4.937600000E+0	1.343800000E+0	4.171000000E-1	5.511000000E-1	3.106145439E+6	0.000000000E+0
1.299350000E+2	6.012160483E+0	4.937800000E+0	1.339700000E+0	4.168000000E-1	5.516000000E-1	3.107190130E+6	0.000000000E+0
1.308980000E+2	6.060572875E+0	4.937900000E+0	1.335700000E+0	4.165000000E-1	5.520000000E-1	3.107773305E+6	0.000000000E+0
1.318640000E+2	6.108959689E+0	4.937800000E+0	1.331900000E+0	4.162000000E-1	5.524000000E-1	3.108756788E+6	0.000000000E+0
1.328240000E+2	6.156982025E+0	4.937600000E+0	1.327800000E+0	4.160000000E-1	5.529000000E-1	3.112520900E+6	0.000000000E+0
1.337720000E+2	6.203233450E+0	4.937400000E+0	1.324000000E+0	4.157000000E-1	5.533000000E-1	3.110831423E+6	0.000000000E+0
1.347350000E+2	6.252043412E+0	4.937100000E+0	1.319700000E+0	4.154000000E-1	5.539000000E-1	3.110980678E+6	0.000000000E+0
1.356930000E+2	6.294083727E+0	4.936900000E+0	1.315800000E+0	4.152000000E-1	5.544000000E-1	3.112441972E+6	0.000000000E+0
1.366680000E+2	6.350357569E+0	4.936500000E+0	1.311500000E+0	4.149000000E-1	5.549000000E-1	3.116125327E+6	0.000000000E+0
1.376150000E+2	6.393854841E+0	4.935900000E+0	1.307100000E+0	4.145000000E-1	5.555000000E-1	3.116640393E+6	0.000000000E+0
1.385690000E+2	6.443113176E+0	4.935400000E+0	1.303200000E+0	4.143000000E-1	5.560000000E-1	3.117931607E+6	0.000000000E+0
1.395270000E+2	6.491498688E+0	4.935300000E+0	1.298700000E+0	4.140000000E-1	5.565000000E-1	3.118435338E+6	0.000000000E+0
1.404940000E+2	6.539748472E+0	4.935700000E+0	1.294800000E+0	4.137000000E-1	5.570000000E-1	3.116886140E+6	0.000000000E+0
1.414660000E+2	6.588972395E+0	4.936500000E+0	1.290100000E+0	4.134000000E-1	5.573000000E-1	3.117737718E+6	0.000000000E+0
1.424030000E+2	6.636510165E+0	4.937300000E+0	1.285600000E+0	4.131000000E-1	5.578000000E-1	3.118654217E+6	0.000000000E+0
1.433560000E+2	6.681531523E+0	4.937900000E+0	1.281300000E+0	4.128000000E-1	5.582000000E-1	3.119417032E+6	0.000000000E+0
1.443150000E+2	6.732271445E+0	4.938300000E+0	1.276800000E+0	4.125000000E-1	5.586000000E-1	3.120069370E+6	0.000000000E+0
1.452690000E+2	6.777326368E+0	4.938400000E+0	1.272400000E+0	4.122000000E-1	5.590000000E-1	3.119936888E+6	0.000000000E+0
1.462150000E+2	6.828226891E+0	4.938400000E+0	1.267700000E+0	4.119000000E-1	5.594000000E-1	3.120522266E+6	0.000000000E+0
1.471690000E+2	6.874569239E+0	4.938400000E+0	1.263400000E+0	4.115000000E-1	5.599000000E-1	3.125095526E+6	0.000000000E+0
1.481870000E+2	6.925054252E+0	4.938200000E+0	1.258600000E+0	4.112000000E-1	5.604000000E-1	3.121860749E+6	0.000000000E+0
1.491450000E+2	6.974115769E+0	4.937900000E+0	1.253800000E+0	4.109000000E-1	5.609000000E-1	3.126489265E+6	0.000000000E+0
1.501250000E+2	7.021711445E+0	4.937600000E+0	1.248900000E+0	4.105000000E-1	5.614000000E-1	3.123426715E+6	0.000000000E+0
1.510590000E+2	7.070094834E+0	4.937400000E+0	1.244400000E+0	4.102000000E-1	5.618000000E-1	3.126890545E+6	0.000000000E+0
1.520060000E+2	7.115860214E+0	4.937200000E+0	1.239300000E+0	4.098000000E-1	5.623000000E-1	3.128005009E+6	0.000000000E+0
1.529640000E+2	7.165886786E+0	4.937100000E+0	1.234800000E+0	4.095000000E-1	5.627000000E-1	3.125158395E+6	0.000000000E+0
1.539120000E+2	7.206602590E+0	4.937000000E+0	1.229600000E+0	4.091000000E-1	5.629000000E-1	3.125267399E+6	0.000000000E+0
1.548560000E+2	7.257509865E+0	4.937100000E+0	1.224900000E+0	4.088000000E-1	5.630000000E-1	3.127061957E+6	0.000000000E+0
1.558180000E+2	7.307535863E+0	4.937300000E+0	1.219700000E+0	4.084000000E-1	5.631000000E-1	3.130325464E+6	0.000000000E+0
1.567610000E+2	7.352614152E+0	4.937400000E+0	1.215000000E+0	4.080000000E-1	5.634000000E-1	3.128305927E+6	0.000000000E+0
1.577000000E+2	7.401606209E+0	4.937400000E+0	1.209700000E+0	4.075000000E-1	5.637000000E-1	3.128651390E+6	0.000000000E+0
1.586530000E+2	7.449149408E+0	4.937500000E+0	1.204900000E+0	4.071000000E-1	5.640000000E-1	3.132424011E+6	0.000000000E+0
1.596100000E+2	7.497497225E+0	4.937500000E+0	1.199400000E+0	4.067000000E-1	5.642000000E-1	3.128634334E+6	0.000000000E+0
1.606010000E+2	7.544743535E+0	4.937700000E+0	1.194000000E+0	4.062000000E-1	5.645000000E-1	3.130329879E+6	0.000000000E+0
1.615750000E+2	7.593539956E+0	4.937800000E+0	1.189000000E+0	4.058000000E-1	5.648000000E-1	3.131177338E+6	0.000000000E+0
1.625480000E+2	7.640819766E+0	4.938200000E+0	1.183500000E+0	4.054000000E-1	5.652000000E-1	3.130730762E+6	0.000000000E+0
1.634960000E+2	7.690259622E+0	4.938600000E+0	1.178600000E+0	4.049000000E-1	5.656000000E-1	3.131699848E+6	0.000000000E+0
1.644840000E+2	7.740063539E+0	4.939400000E+0	1.172500000E+0	4.044000000E-1	5.660000000E-1	3.131761650E+6	0.000000000E+0
1.654860000E+2	7.790832985E+0	4.940100000E+0	1.167400000E+0	4.040000000E-1	5.664000000E-1	3.135776232E+6	0.000000000E+0
1.664530000E+2	7.837756189E+0	4.940900000E+0	1.161700000E+0	4.035000000E-1	5.668000000E-1	3.133490238E+6	0.000000000E+0
1.674110000E+2	7.885128182E+0	4.941800000E+0	1.155900000E+0	4.030000000E-1	5.671000000E-1	3.135600813E+6	0.000000000E+0
1.683880000E+2	7.934990548E+0	4.942500000E+0	1.150700000E+0	4.025000000E-1	5.673000000E-1	3.134224216E+6	0.000000000E+0
1.693340000E+2	7.981980923E+0	4.943500000E+0	1.144800000E+0	4.020000000E-1	5.676000000E-1	3.136619838E+6	0.000000000E+0
1.702960000E+2	8.031614134E+0	4.944400000E+0	1.139500000E+0	4.015000000E-1	5.678000000E-1	3.137307658E+6	0.000000000E+0
1.712710000E+2	8.081120054E+0	4.945100000E+0	1.133600000E+0	4.010000000E-1	5.680000000E-1	3.135202858E+6	0.000000000E+0
1.722210000E+2	8.119443786E+0	4.945800000E+0	1.127600000E+0	4.004000000E-1	5.682000000E-1	3.135692132E+6	0.000000000E+0
1.731580000E+2	8.169305099E+0	4.946300000E+0	1.122300000E+0	3.999000000E-1	5.684000000E-1	3.138889244E+6	0.000000000E+0
1.740840000E+2	8.220233544E+0	4.946900000E+0	1.116900000E+0	3.995000000E-1	5.686000000E-1	3.139380896E+6	0.000000000E+0
1.750310000E+2	8.265799560E+0	4.947500000E+0	1.110800000E+0	3.989000000E-1	5.688000000E-1	3.136193024E+6	0.000000000E+0
1.759920000E+2	8.315922802E+0	4.947900000E+0	1.105300000E+0	3.985000000E-1	5.690000000E-1	3.136080175E+6	0.000000000E+0
1.769420000E+2	8.363648518E+0	4.948000000E+0	1.099200000E+0	3.979000000E-1	5.693000000E-1	3.140581837E+6	0.000000000E+0
1.778910000E+2	8.408629427E+0	4.947800000E+0	1.093600000E+0	3.975000000E-1	5.695000000E-1	3.136414271E+6	0.000000000E+0
1.788370000E+2	8.456905336E+0	4.947700000E+0	1.087300000E+0	3.969000000E-1	5.699000000E-1	3.140295819E+6	0.000000000E+0
1.797890000E+2	8.505053960E+0	4.947600000E+0	1.081600000E+0	3.964000000E-1	5.702000000E-1	3.137199218E+6	0.000000000E+0
1.807580000E+2	8.554947357E+0	4.947800000E+0	1.075200000E+0	3.959000000E-1	5.703000000E-1	3.138102899E+6	0.000000000E+0
1.817450000E+2	8.603544482E+0	4.948300000E+0	1.068800000E+0	3.954000000E-1	5.705000000E-1	3.139550675E+6	0.000000000E+0
1.826930000E+2	8.648524361E+0	4.948800000E+0	1.063000000E+0	3.949000000E-1	5.707000000E-1	3.138455895E+6	0.000000000E+0
1.836430000E+2	8.696189265E+0	4.949600000E+0	1.056600000E+0	3.944000000E-1	5.709000000E-1	3.138818555E+6	0.000000000E+0
1.846020000E+2	8.747792818E+0	4.950400000E+0	1.050100000E+0	3.939000000E-1	5.712000000E-1	3.139781631E+6	0.000000000E+0
1.855680000E+2	8.794423840E+0	4.951100000E+0	1.044100000E+0	3.934000000E-1	5.714000000E-1	3.139020696E+6	0.000000000E+0
1.865170000E+2	8.841080059E+0	4.952000000E+0	1.037600000E+0	3.929000000E-1	5.717000000E-1	3.142672357E+6	0.000000000E+0
1.874830000E+2	8.889582646E+0	4.952700000E+0	1.031500000E+0	3.924000000E-1	5.719000000E-1	3.142607520E+6	0.000000000E+0
1.884370000E+2	8.931198458E+0	4.953300000E+0	1.024900000E+0	3.919000000E-1	5.720000000E-1	3.142255958E+6	0.000000000E+0
1.893650000E+2	8.980446011E+0	4.953900000E+0	1.018800000E+0	3.914000000E-1	5.722000000E-1	3.139718708E+6	0.000000000E+0
1.903140000E+2	9.032081986E+0	4.954600000E+0	1.012100000E+0	3.909000000E-1	5.724000000E-1	3.142094957E+6	0.000000000E+0
1.912990000E+2	9.080549759E+0	4.954800000E+0	1.005900000E+0	3.903000000E-1	5.727000000E-1	3.142225871E+6	0.000000000E+0
1.922650000E+2	9.128593775E+0	4.954900000E+0	0.000000000E+0	3.899000000E-1	5.729000000E-1	3.142358190E+6	0.000000000E+0
1.932210000E+2	9.179517463E+0	4.954900000E+0	0.000000000E+0	3.894000000E-1	5.731000000E-1	3.139151475E+6	0.000000000E+0
1.941680000E+2	9.223461375E+0	4.954900000E+0	0.000000000E+0	3.889000000E-1	5.733000000E-1	3.142999929E+6	0.000000000E+0
1.951230000E+2	9.272089130E+0	4.954900000E+0	0.000000000E+0	3.884000000E-1	5.735000000E-1	3.142810902E+6	0.000000000E+0
1.960880000E+2	9.319522341E+0	4.955100000E+0	0.000000000E+0	3.879000000E-1	5.736000000E-1	3.142234952E+6	0.000000000E+0
1.970670000E+2	9.369547183E+0	4.955300000E+0	0.000000000E+0	3.874000000E-1	5.738000000E-1	3.139148375E+6	0.000000000E+0
1.980430000E+2	9.419588703E+0	4.955500000E+0	0.000000000E+0	3.870000000E-1	5.741000000E-1	3.138973147E+6	0.000000000E+0
1.989850000E+2	9.466021710E+0	4.955600000E+0	0.000000000E+0	3.865000000E-1	5.743000000E-1	3.142271346E+6	0.000000000E+0
1.999320000E+2	9.511226335E+0	4.955800000E+0	0.000000000E+0	3.860000000E-1	5.745000000E-1	3.142203796E+6	0.000000000E+0
2.008880000E+2	9.560953712E+0	4.956300000E+0	0.000000000E+0	3.856000000E-1	5.746000000E-1	3.138672951E+6	0.000000000E+0
2.018350000E+2	9.609418803E+0	4.956800000E+0	0.000000000E+0	3.851000000E-1	5.748000000E-1	3.139634061E+6	0.000000000E+0
2.028270000E+2	9.657849760E+0	4.957600000E+0	0.000000000E+0	3.846000000E-1	5.750000000E-1	3.142259503E+6	0.000000000E+0
2.037860000E+2	9.706026369E+0	4.958300000E+0	0.000000000E+0	3.842000000E-1	5.752000000E-1	3.138776230E+6	0.000000000E+0
2.047670000E+2	9.752678159E+0	4.959300000E+0	0.000000000E+0	3.837000000E-1	5.754000000E-1	3.137503187E+6	0.000000000E+0
2.057240000E+2	9.802793843E+0	4.960500000E+0	0.000000000E+0	3.833000000E-1	5.756000000E-1	3.142660237E+6	0.000000000E+0
2.067070000E+2	9.843567156E+0	4.961600000E+0	0.000000000E+0	3.828000000E-1	5.759000000E-1	3.138564741E+6	0.000000000E+0
2.076770000E+2	9.899458650E+0	4.962400000E+0	0.000000000E+0	3.824000000E-1	5.762000000E-1	3.141987599E+6	0.000000000E+0
2.086390000E+2	9.944534096E+0	4.963200000E+0	0.000000000E+0	3.820000000E-1	5.764000000E-1	3.137778456E+6	0.000000000E+0
2.096050000E+2	9.994453913E+0	4.963700000E+0	0.000000000E+0	3.815000000E-1	5.766000000E-1	3.137799688E+6	0.000000000E+0
2.105870000E+2	1.004533898E+1	4.963600000E+0	0.000000000E+0	3.811000000E-1	5.768000000E-1	3.137806809E+6	0.000000000E+0
2.115800000E+2	1.009528364E+1	4.963400000E+0	0.000000000E+0	3.808000000E-1	5.769000000E-1	3.140180140E+6	0.000000000E+0
2.125360000E+2	1.014258555E+1	4.963000000E+0	0.000000000E+0	3.803000000E-1	5.771000000E-1	3.136842234E+6	0.000000000E+0
2.134640000E+2	1.018791384E+1	4.962600000E+0	0.000000000E+0	3.800000000E-1	5.772000000E-1	3.140404565E+6	0.000000000E+0
2.144210000E+2	1.023621464E+1	4.962300000E+0	0.000000000E+0	3.795000000E-1	5.774000000E-1	3.140088681E+6	0.000000000E+0
2.153590000E+2	1.028435425E+1	4.962000000E+0	0.000000000E+0	3.792000000E-1	5.776000000E-1	3.135455401E+6	0.000000000E+0
2.163170000E+2	1.033284930E+1	4.961300000E+0	0.000000000E+0	3.788000000E-1	5.777000000E-1	3.139621349E+6	0.000000000E+0
2.172790000E+2	1.037956555E+1	4.960900000E+0	0.000000000E+0	3.784000000E-1	5.779000000E-1	3.135473404E+6	0.000000000E+0
2.182180000E+2	1.042960991E+1	4.961100000E+0	0.000000000E+0	3.780000000E-1	5.780000000E-1	3.138681113E+6	0.000000000E+0
2.191680000E+2	1.047622400E+1	4.961600000E+0	0.000000000E+0	3.776000000E-1	5.782000000E-1	3.134204787E+6	0.000000000E+0
2.201260000E+2	1.052116943E+1	4.962600000E+0	0.000000000E+0	3.773000000E-1	5.784000000E-1	3.138147902E+6	0.000000000E+0
2.210720000E+2	1.056788465E+1	4.963800000E+0	0.000000000E+0	3.769000000E-1	5.786000000E-1	3.133901968E+6	0.000000000E+0
2.220120000E+2	1.061695397E+1	4.965000000E+0	0.000000000E+0	3.765000000E-1	5.789000000E-1	3.137977715E+6	0.000000000E+0
2.229790000E+2	1.066012018E+1	4.965800000E+0	0.000000000E+0	3.761000000E-1	5.790000000E-1	3.132910395E+6	0.000000000E+0
2.239500000E+2	1.071351656E+1	4.966500000E+0	0.000000000E+0	3.757000000E-1	5.793000000E-1	3.131822491E+6	0.000000000E+0
2.249540000E+2	1.075586925E+1	4.967200000E+0	0.000000000E+0	3.754000000E-1	5.795000000E-1	3.136237465E+6	0.000000000E+0
2.259110000E+2	1.081266946E+1	4.968100000E+0	0.000000000E+0	3.750000000E-1	5.796000000E-1	3.135937845E+6	0.000000000E+0
2.268740000E+2	1.085773164E+1	4.968800000E+0	0.000000000E+0	3.747000000E-1	5.798000000E-1	3.131570174E+6	0.000000000E+0
2.278380000E+2	1.090767999E+1	4.969600000E+0	0.000000000E+0	3.743000000E-1	5.801000000E-1	3.130640357E+6	0.000000000E+0
2.287820000E+2	1.095529917E+1	4.970300000E+0	0.000000000E+0	3.740000000E-1	5.802000000E-1	3.134528623E+6	0.000000000E+0
2.297220000E+2	1.100430692E+1	4.971100000E+0	0.000000000E+0	3.737000000E-1	5.803000000E-1	3.134049726E+6	0.000000000E+0
2.306940000E+2	1.104930029E+1	4.971600000E+0	0.000000000E+0	3.733000000E-1	5.804000000E-1	3.133314348E+6	0.000000000E+0
2.316940000E+2	1.110102584E+1	4.971800000E+0	0.000000000E+0	3.730000000E-1	5.805000000E-1	3.128943685E+6	0.000000000E+0
2.326670000E+2	1.114925360E+1	4.971700000E+0	0.000000000E+0	3.727000000E-1	5.807000000E-1	3.132089362E+6	0.000000000E+0
2.336240000E+2	1.119761657E+1	4.971200000E+0	0.000000000E+0	3.724000000E-1	5.809000000E-1	3.131272800E+6	0.000000000E+0
2.345720000E+2	1.124406540E+1	4.970600000E+0	0.000000000E+0	3.721000000E-1	5.812000000E-1	3.126338087E+6	0.000000000E+0
2.355320000E+2	1.129077648E+1	4.969900000E+0	0.000000000E+0	3.718000000E-1	5.815000000E-1	3.126044123E+6	0.000000000E+0
2.364880000E+2	1.133939263E+1	4.969200000E+0	0.000000000E+0	3.715000000E-1	5.817000000E-1	3.125943371E+6	0.000000000E+0
2.374170000E+2	1.138755966E+1	4.968700000E+0	0.000000000E+0	3.712000000E-1	5.819000000E-1	3.129919569E+6	0.000000000E+0
2.383580000E+2	1.143346542E+1	4.968400000E+0	0.000000000E+0	3.710000000E-1	5.820000000E-1	3.128899233E+6	0.000000000E+0
2.393060000E+2	1.148204681E+1	4.968400000E+0	0.000000000E+0	3.707000000E-1	5.822000000E-1	3.124068986E+6	0.000000000E+0
2.402660000E+2	1.152927301E+1	4.968300000E+0	0.000000000E+0	3.704000000E-1	5.824000000E-1	3.122571149E+6	0.000000000E+0
2.412490000E+2	1.157779452E+1	4.968300000E+0	0.000000000E+0	3.702000000E-1	5.826000000E-1	3.122842118E+6	0.000000000E+0
2.422070000E+2	1.162582459E+1	4.968700000E+0	0.000000000E+0	3.699000000E-1	5.828000000E-1	3.125888823E+6	0.000000000E+0
2.431980000E+2	1.166843493E+1	4.969400000E+0	0.000000000E+0	3.696000000E-1	5.830000000E-1	3.125353782E+6	0.000000000E+0
2.441560000E+2	1.172395842E+1	4.970400000E+0	0.000000000E+0	3.694000000E-1	5.831000000E-1	3.119819381E+6	0.000000000E+0
2.450960000E+2	1.176857507E+1	4.971300000E+0	0.000000000E+0	3.691000000E-1	5.831000000E-1	3.118740109E+6	0.000000000E+0
2.460420000E+2	1.181767086E+1	4.972200000E+0	0.000000000E+0	3.689000000E-1	5.832000000E-1	3.119130080E+6	0.000000000E+0
2.469790000E+2	1.186425145E+1	4.973000000E+0	0.000000000E+0	3.686000000E-1	5.834000000E-1	3.122371498E+6	0.000000000E+0
2.479320000E+2	1.191076400E+1	4.974100000E+0	0.000000000E+0	3.683000000E-1	5.836000000E-1	3.122029777E+6	0.000000000E+0
2.488790000E+2	1.196089190E+1	4.975100000E+0	0.000000000E+0	3.681000000E-1	5.839000000E-1	3.121075784E+6	0.000000000E+0
2.498390000E+2	1.201008804E+1	4.976100000E+0	0.000000000E+0	3.678000000E-1	5.841000000E-1	3.120169221E+6	0.000000000E+0
2.508160000E+2	1.205585455E+1	4.977200000E+0	0.000000000E+0	3.676000000E-1	5.843000000E-1	3.119157238E+6	0.000000000E+0
2.517590000E+2	1.210337352E+1	4.978200000E+0	0.000000000E+0	3.674000000E-1	5.845000000E-1	3.113111912E+6	0.000000000E+0
2.527120000E+2	1.215224695E+1	4.979500000E+0	0.000000000E+0	3.671000000E-1	5.847000000E-1	3.112578498E+6	0.000000000E+0
2.536580000E+2	1.219891858E+1	4.980600000E+0	0.000000000E+0	3.669000000E-1	5.849000000E-1	3.111484946E+6	0.000000000E+0
2.546410000E+2	1.224740188E+1	4.982000000E+0	0.000000000E+0	3.667000000E-1	5.851000000E-1	3.114783842E+6	0.000000000E+0
2.555970000E+2	1.229574938E+1	4.983000000E+0	0.000000000E+0	3.665000000E-1	5.853000000E-1	3.115099977E+6	0.000000000E+0
2.565700000E+2	1.234413890E+1	4.983900000E+0	0.000000000E+0	3.662000000E-1	5.855000000E-1	3.112970912E+6	0.000000000E+0
2.575250000E+2	1.239229102E+1	4.984500000E+0	0.000000000E+0	3.660000000E-1	5.857000000E-1	3.108691564E+6	0.000000000E+0
2.584630000E+2	1.243880868E+1	4.984900000E+0	0.000000000E+0	3.658000000E-1	5.859000000E-1	3.111813809E+6	0.000000000E+0
2.594200000E+2	1.247911133E+1	4.985000000E+0	0.000000000E+0	3.656000000E-1	5.860000000E-1	3.105500757E+6	0.000000000E+0
2.603810000E+2	1.253563626E+1	4.984900000E+0	0.000000000E+0	3.655000000E-1	5.861000000E-1	3.110081530E+6	0.000000000E+0
2.613530000E+2	1.258085757E+1	4.984700000E+0	0.000000000E+0	3.653000000E-1	5.862000000E-1	3.109075067E+6	0.000000000E+0
2.623110000E+2	1.263065911E+1	4.984400000E+0	0.000000000E+0	3.651000000E-1	5.864000000E-1	3.102492623E+6	0.000000000E+0
2.632820000E+2	1.267978295E+1	4.984200000E+0	0.000000000E+0	3.649000000E-1	5.867000000E-1	3.106707177E+6	0.000000000E+0
2.642380000E+2	1.272719619E+1	4.984100000E+0	0.000000000E+0	3.646000000E-1	5.870000000E-1	3.105635525E+6	0.000000000E+0
2.651870000E+2	1.277383019E+1	4.984100000E+0	0.000000000E+0	3.644000000E-1	5.873000000E-1	3.105311044E+6	0.000000000E+0
2.661340000E+2	1.282234344E+1	4.984300000E+0	0.000000000E+0	3.642000000E-1	5.875000000E-1	3.099414889E+6	0.000000000E+0
2.670950000E+2	1.287205012E+1	4.984300000E+0	0.000000000E+0	3.640000000E-1	5.878000000E-1	3.101916533E+6	0.000000000E+0
2.680300000E+2	1.291709993E+1	4.984600000E+0	0.000000000E+0	3.638000000E-1	5.881000000E-1	3.096155865E+6	0.000000000E+0
2.689790000E+2	1.296386811E+1	4.984900000E+0	0.000000000E+0	3.636000000E-1	5.884000000E-1	3.099630540E+6	0.000000000E+0
2.699150000E+2	1.301060210E+1	4.985500000E+0	0.000000000E+0	3.634000000E-1	5.886000000E-1	3.099789314E+6	0.000000000E+0
2.708790000E+2	1.306043441E+1	4.986200000E+0	0.000000000E+0	3.633000000E-1	5.887000000E-1	3.097796393E+6	0.000000000E+0
2.718160000E+2	1.310538986E+1	4.986900000E+0	0.000000000E+0	3.631000000E-1	5.890000000E-1	3.091738385E+6	0.000000000E+0
2.727820000E+2	1.315399389E+1	4.987400000E+0	0.000000000E+0	3.629000000E-1	5.892000000E-1	3.090462120E+6	0.000000000E+0
2.737290000E+2	1.320298701E+1	4.987700000E+0	0.000000000E+0	3.627000000E-1	5.892000000E-1	3.088862192E+6	0.000000000E+0
2.746760000E+2	1.324703565E+1	4.988000000E+0	0.000000000E+0	3.625000000E-1	5.893000000E-1	3.086287576E+6	0.000000000E+0
2.756280000E+2	1.328970405E+1	4.988300000E+0	0.000000000E+0	3.623000000E-1	5.894000000E-1	3.092656621E+6	0.000000000E+0
2.765780000E+2	1.334628159E+1	4.988800000E+0	0.000000000E+0	3.621000000E-1	5.895000000E-1	3.086965343E+6	0.000000000E+0
2.775360000E+2	1.339214096E+1	4.989500000E+0	0.000000000E+0	3.619000000E-1	5.897000000E-1	3.084760789E+6	0.000000000E+0
2.784940000E+2	1.343880426E+1	4.990000000E+0	0.000000000E+0	3.617000000E-1	5.899000000E-1	3.085203866E+6	0.000000000E+0
2.794460000E+2	1.348705031E+1	4.990500000E+0	0.000000000E+0	3.615000000E-1	5.902000000E-1	3.087303323E+6	0.000000000E+0
2.803940000E+2	1.353539760E+1	4.990800000E+0	0.000000000E+0	3.614000000E-1	5.905000000E-1	3.085670738E+6	0.000000000E+0
2.813770000E+2	1.358293184E+1	4.990700000E+0	0.000000000E+0	3.612000000E-1	5.907000000E-1	3.079111465E+6	0.000000000E+0
2.823320000E+2	1.363208264E+1	4.990300000E+0	0.000000000E+0	3.610000000E-1	5.909000000E-1	3.078027469E+6	0.000000000E+0
2.832910000E+2	1.368042885E+1	4.990000000E+0	0.000000000E+0	3.608000000E-1	5.909000000E-1	3.082083195E+6	0.000000000E+0
2.842190000E+2	1.372518540E+1	4.989600000E+0	0.000000000E+0	3.606000000E-1	5.911000000E-1	3.080002003E+6	0.000000000E+0
2.851750000E+2	1.377513933E+1	4.989000000E+0	0.000000000E+0	3.605000000E-1	5.913000000E-1	3.074261066E+6	0.000000000E+0
2.861240000E+2	1.382177450E+1	4.988300000E+0	0.000000000E+0	3.603000000E-1	5.916000000E-1	3.077556615E+6	0.000000000E+0
2.870970000E+2	1.386989074E+1	4.987600000E+0	0.000000000E+0	3.601000000E-1	5.918000000E-1	3.076329089E+6	0.000000000E+0
2.880500000E+2	1.391932717E+1	4.987000000E+0	0.000000000E+0	3.600000000E-1	5.919000000E-1	3.074320061E+6	0.000000000E+0
2.890240000E+2	1.396740882E+1	4.986600000E+0	0.000000000E+0	3.598000000E-1	5.921000000E-1	3.073250121E+6	0.000000000E+0
2.899760000E+2	1.401329767E+1	4.986500000E+0	0.000000000E+0	3.597000000E-1	5.924000000E-1	3.071836351E+6	0.000000000E+0
2.909360000E+2	1.406179338E+1	4.986500000E+0	0.000000000E+0	3.596000000E-1	5.926000000E-1	3.070258998E+6	0.000000000E+0
2.919150000E+2	1.410148527E+1	4.986600000E+0	0.000000000E+0	3.594000000E-1	5.929000000E-1	3.063857987E+6	0.000000000E+0
2.928690000E+2	1.415834353E+1	4.986700000E+0	0.000000000E+0	3.593000000E-1	5.931000000E-1	3.068106297E+6	0.000000000E+0
2.938050000E+2	1.420258037E+1	4.986900000E+0	0.000000000E+0	3.591000000E-1	5.933000000E-1	3.066085827E+6	0.000000000E+0
2.947790000E+2	1.425153172E+1	4.987100000E+0	0.000000000E+0	3.590000000E-1	5.936000000E-1	3.064976425E+6	0.000000000E+0
2.957270000E+2	1.429997481E+1	4.987400000E+0	0.000000000E+0	3.588000000E-1	5.938000000E-1	3.057627470E+6	0.000000000E+0
2.966570000E+2	1.434714784E+1	4.987700000E+0	0.000000000E+0	3.587000000E-1	5.940000000E-1	3.061319414E+6	0.000000000E+0
2.976020000E+2	1.439474373E+1	4.988000000E+0	0.000000000E+0	3.586000000E-1	5.942000000E-1	3.054779093E+6	0.000000000E+0
2.986000000E+2	1.444540338E+1	4.988400000E+0	0.000000000E+0	3.584000000E-1	5.945000000E-1	3.053073066E+6	0.000000000E+0
2.995940000E+2	1.449483527E+1	4.988900000E+0	0.000000000E+0	3.583000000E-1	5.947000000E-1	3.056215557E+6	0.000000000E+0
3.005420000E+2	1.453974685E+1	4.989500000E+0	0.000000000E+0	3.581000000E-1	5.949000000E-1	3.049878786E+6	0.000000000E+0
3.014880000E+2	1.458963506E+1	4.990200000E+0	0.000000000E+0	3.580000000E-1	5.950000000E-1	3.047808321E+6	0.000000000E+0
3.024470000E+2	1.463800777E+1	4.991100000E+0	0.000000000E+0	3.579000000E-1	5.952000000E-1	3.046555374E+6	0.000000000E+0
3.033850000E+2	1.468301140E+1	4.991800000E+0	0.000000000E+0	3.578000000E-1	5.953000000E-1	3.044995538E+6	0.000000000E+0
3.043220000E+2	1.472980060E+1	4.992600000E+0	0.000000000E+0	3.577000000E-1	5.955000000E-1	3.048630113E+6	0.000000000E+0
3.052590000E+2	1.477784211E+1	4.993200000E+0	0.000000000E+0	3.576000000E-1	5.957000000E-1	3.046989610E+6	0.000000000E+0
3.061750000E+2	1.482288701E+1	4.993800000E+0	0.000000000E+0	3.575000000E-1	5.959000000E-1	3.039140908E+6	0.000000000E+0
3.071350000E+2	1.487173183E+1	4.993900000E+0	0.000000000E+0	3.573000000E-1	5.960000000E-1	3.043895588E+6	0.000000000E+0
3.080920000E+2	1.491096144E+1	4.993800000E+0	0.000000000E+0	3.572000000E-1	5.962000000E-1	3.041395942E+6	0.000000000E+0
3.090440000E+2	1.496513765E+1	4.993200000E+0	0.000000000E+0	3.570000000E-1	5.964000000E-1	3.039636171E+6	0.000000000E+0
3.099670000E+2	1.501272869E+1	4.992600000E+0	0.000000000E+0	3.569000000E-1	5.966000000E-1	3.032198083E+6	0.000000000E+0
3.109070000E+2	1.505944761E+1	4.992000000E+0	0.000000000E+0	3.568000000E-1	5.968000000E-1	3.036223912E+6	0.000000000E+0
3.118850000E+2	1.510929763E+1	4.991500000E+0	0.000000000E+0	3.566000000E-1	5.969000000E-1	3.033960076E+6	0.000000000E+0
3.128620000E+2	1.515691290E+1	4.991100000E+0	0.000000000E+0	3.565000000E-1	5.972000000E-1	3.026673073E+6	0.000000000E+0
3.138260000E+2	1.520572957E+1	4.990700000E+0	0.000000000E+0	3.564000000E-1	5.974000000E-1	3.030216991E+6	0.000000000E+0
3.147450000E+2	1.525086432E+1	4.990400000E+0	0.000000000E+0	3.563000000E-1	5.976000000E-1	3.023130595E+6	0.000000000E+0
3.157110000E+2	1.530087352E+1	4.990200000E+0	0.000000000E+0	3.561000000E-1	5.979000000E-1	3.021349858E+6	0.000000000E+0
3.166590000E+2	1.534723468E+1	4.990200000E+0	0.000000000E+0	3.560000000E-1	5.981000000E-1	3.019804586E+6	0.000000000E+0
3.176360000E+2	1.539482262E+1	4.990500000E+0	0.000000000E+0	3.558000000E-1	5.983000000E-1	3.017136300E+6	0.000000000E+0
3.185760000E+2	1.544234246E+1	4.990900000E+0	0.000000000E+0	3.557000000E-1	5.985000000E-1	3.020984528E+6	0.000000000E+0
3.195570000E+2	1.549057279E+1	4.991600000E+0	0.000000000E+0	3.556000000E-1	5.987000000E-1	3.018815915E+6	0.000000000E+0
3.205130000E+2	1.553906506E+1	4.992600000E+0	0.000000000E+0	3.555000000E-1	5.989000000E-1	3.017065727E+6	0.000000000E+0
3.215080000E+2	1.558894482E+1	4.993900000E+0	0.000000000E+0	3.554000000E-1	5.991000000E-1	3.015239706E+6	0.000000000E+0
3.224350000E+2	1.563733470E+1	4.995300000E+0	0.000000000E+0	3.553000000E-1	5.993000000E-1	3.007987712E+6	0.000000000E+0
3.233940000E+2	1.568211064E+1	4.996700000E+0	0.000000000E+0	3.552000000E-1	5.995000000E-1	3.011314942E+6	0.000000000E+0
3.243310000E+2	1.572213872E+1	4.998000000E+0	0.000000000E+0	3.551000000E-1	5.997000000E-1	3.008697757E+6	0.000000000E+0
3.253010000E+2	1.577879532E+1	4.998900000E+0	0.000000000E+0	3.549000000E-1	5.998000000E-1	3.006769626E+6	0.000000000E+0
3.262490000E+2	1.582389170E+1	4.999300000E+0	0.000000000E+0	3.548000000E-1	5.999000000E-1	3.005041821E+6	0.000000000E+0
3.271800000E+2	1.587344738E+1	4.999500000E+0	0.000000000E+0	3.547000000E-1	6.001000000E-1	3.002285341E+6	0.000000000E+0
3.281170000E+2	1.591941461E+1	4.999900000E+0	0.000000000E+0	3.546000000E-1	6.003000000E-1	2.995255861E+6	0.000000000E+0
3.290720000E+2	1.596844479E+1	5.000100000E+0	0.000000000E+0	3.545000000E-1	6.005000000E-1	2.997977230E+6	0.000000000E+0
3.300300000E+2	1.601341271E+1	4.999700000E+0	0.000000000E+0	3.544000000E-1	6.007000000E-1	2.995776697E+6	0.000000000E+0
3.310090000E+2	1.606167201E+1	4.998800000E+0	0.000000000E+0	3.543000000E-1	6.010000000E-1	2.993228686E+6	0.000000000E+0
3.319610000E+2	1.611167405E+1	4.997700000E+0	0.000000000E+0	3.542000000E-1	6.012000000E-1	2.992340843E+6	0.000000000E+0
3.329100000E+2	1.616009327E+1	4.996800000E+0	0.000000000E+0	3.541000000E-1	6.014000000E-1	2.989212606E+6	0.000000000E+0
3.338820000E+2	1.620829205E+1	4.996500000E+0	0.000000000E+0	3.540000000E-1	6.016000000E-1	2.986423592E+6	0.000000000E+0
3.348430000E+2	1.625676964E+1	4.996500000E+0	0.000000000E+0	3.538000000E-1	6.019000000E-1	2.979407570E+6	0.000000000E+0
3.358000000E+2	1.630150675E+1	4.996100000E+0	0.000000000E+0	3.538000000E-1	6.022000000E-1	2.976689332E+6	0.000000000E+0
3.367500000E+2	1.635160814E+1	4.995400000E+0	0.000000000E+0	3.537000000E-1	6.024000000E-1	2.980466699E+6	0.000000000E+0
3.377060000E+2	1.639808754E+1	4.994600000E+0	0.000000000E+0	3.535000000E-1	6.026000000E-1	2.978081518E+6	0.000000000E+0
3.386690000E+2	1.644492192E+1	4.994200000E+0	0.000000000E+0	3.535000000E-1	6.027000000E-1	2.976042322E+6	0.000000000E+0
3.396560000E+2	1.649463277E+1	4.993800000E+0	0.000000000E+0	3.533000000E-1	6.029000000E-1	2.973556776E+6	0.000000000E+0
3.406060000E+2	1.654385240E+1	4.993200000E+0	0.000000000E+0	3.532000000E-1	6.031000000E-1	2.971036369E+6	0.000000000E+0
3.415970000E+2	1.659288543E+1	4.992700000E+0	0.000000000E+0	3.531000000E-1	6.034000000E-1	2.962794288E+6	0.000000000E+0
3.425460000E+2	1.663481065E+1	4.992700000E+0	0.000000000E+0	3.530000000E-1	6.036000000E-1	2.965880816E+6	0.000000000E+0
3.434820000E+2	1.668703268E+1	4.993200000E+0	0.000000000E+0	3.530000000E-1	6.038000000E-1	2.963335691E+6	0.000000000E+0
3.444320000E+2	1.673444834E+1	4.993900000E+0	0.000000000E+0	3.529000000E-1	6.041000000E-1	2.960852605E+6	0.000000000E+0
3.453880000E+2	1.678292967E+1	4.994600000E+0	0.000000000E+0	3.528000000E-1	6.042000000E-1	2.953161860E+6	0.000000000E+0
3.463370000E+2	1.682805158E+1	4.995500000E+0	0.000000000E+0	3.527000000E-1	6.045000000E-1	2.957069684E+6	0.000000000E+0
3.472800000E+2	1.687771656E+1	4.996700000E+0	0.000000000E+0	3.526000000E-1	6.047000000E-1	2.953865705E+6	0.000000000E+0
3.482450000E+2	1.692678035E+1	4.998400000E+0	0.000000000E+0	3.525000000E-1	6.048000000E-1	2.950921718E+6	0.000000000E+0
3.492200000E+2	1.697405849E+1	5.000500000E+0	0.000000000E+0	3.524000000E-1	6.050000000E-1	2.943104076E+6	0.000000000E+0
3.501710000E+2	1.702072705E+1	5.002800000E+0	0.000000000E+0	3.523000000E-1	6.052000000E-1	2.939677434E+6	0.000000000E+0
3.510960000E+2	1.706582154E+1	5.004800000E+0	0.000000000E+0	3.522000000E-1	6.054000000E-1	2.943414165E+6	0.000000000E+0
3.520440000E+2	1.711425750E+1	5.006600000E+0	0.000000000E+0	3.521000000E-1	6.056000000E-1	2.935420487E+6	0.000000000E+0
3.530100000E+2	1.716234614E+1	5.007800000E+0	0.000000000E+0	3.520000000E-1	6.057000000E-1	2.938309420E+6	0.000000000E+0
3.539810000E+2	1.721059507E+1	5.008700000E+0	0.000000000E+0	3.519000000E-1	6.059000000E-1	2.935931136E+6	0.000000000E+0
3.549140000E+2	1.725732918E+1	5.009600000E+0	0.000000000E+0	3.518000000E-1	6.062000000E-1	2.933000391E+6	0.000000000E+0
3.558720000E+2	1.730550954E+1	5.009900000E+0	0.000000000E+0	3.518000000E-1	6.064000000E-1	2.924977145E+6	0.000000000E+0
3.568310000E+2	1.735401939E+1	5.010100000E+0	0.000000000E+0	3.517000000E-1	6.066000000E-1	2.921881688E+6	0.000000000E+0
3.577840000E+2	1.740032920E+1	5.010700000E+0	0.000000000E+0	3.516000000E-1	6.068000000E-1	2.925351453E+6	0.000000000E+0
3.587270000E+2	1.744466745E+1	5.011300000E+0	0.000000000E+0	3.515000000E-1	6.070000000E-1	2.917073707E+6	0.000000000E+0
3.597020000E+2	1.749455491E+1	5.011800000E+0	0.000000000E+0	3.515000000E-1	6.073000000E-1	2.919313056E+6	0.000000000E+0
3.606680000E+2	1.754516096E+1	5.012200000E+0	0.000000000E+0	3.514000000E-1	6.075000000E-1	2.916795525E+6	0.000000000E+0
3.616010000E+2	1.759198507E+1	5.012600000E+0	0.000000000E+0	3.514000000E-1	6.077000000E-1	2.913251823E+6	0.000000000E+0
3.625730000E+2	1.764097438E+1	5.013300000E+0	0.000000000E+0	3.514000000E-1	6.079000000E-1	2.904490713E+6	0.000000000E+0
3.635330000E+2	1.768925261E+1	5.014100000E+0	0.000000000E+0	3.513000000E-1	6.081000000E-1	2.907747288E+6	0.000000000E+0
3.644760000E+2	1.773584697E+1	5.014200000E+0	0.000000000E+0	3.513000000E-1	6.083000000E-1	2.905213005E+6	0.000000000E+0
3.654370000E+2	1.778186567E+1	5.013800000E+0	0.000000000E+0	3.513000000E-1	6.085000000E-1	2.902181651E+6	0.000000000E+0
3.664030000E+2	1.783159753E+1	5.013200000E+0	0.000000000E+0	3.512000000E-1	6.087000000E-1	2.899346104E+6	0.000000000E+0
3.673770000E+2	1.788060987E+1	5.012500000E+0	0.000000000E+0	3.511000000E-1	6.089000000E-1	2.895951229E+6	0.000000000E+0
3.683400000E+2	1.792995163E+1	5.012200000E+0	0.000000000E+0	3.511000000E-1	6.091000000E-1	2.892814680E+6	0.000000000E+0
3.693250000E+2	1.797886149E+1	5.012000000E+0	0.000000000E+0	3.510000000E-1	6.094000000E-1	2.883743548E+6	0.000000000E+0
3.702780000E+2	1.802636670E+1	5.011800000E+0	0.000000000E+0	3.510000000E-1	6.097000000E-1	2.887199992E+6	0.000000000E+0
3.712170000E+2	1.807308478E+1	5.011500000E+0	0.000000000E+0	3.509000000E-1	6.100000000E-1	2.884571884E+6	0.000000000E+0
3.721790000E+2	1.812103738E+1	5.011900000E+0	0.000000000E+0	3.509000000E-1	6.103000000E-1	2.881567918E+6	0.000000000E+0
3.730960000E+2	1.816754310E+1	5.013000000E+0	0.000000000E+0	3.508000000E-1	6.106000000E-1	2.877985759E+6	0.000000000E+0
3.740450000E+2	1.821271192E+1	5.014700000E+0	0.000000000E+0	3.508000000E-1	6.108000000E-1	2.874928692E+6	0.000000000E+0
3.749810000E+2	1.825485219E+1	5.016900000E+0	0.000000000E+0	3.507000000E-1	6.110000000E-1	2.871406830E+6	0.000000000E+0
3.759390000E+2	1.830767504E+1	5.019100000E+0	0.000000000E+0	3.506000000E-1	6.113000000E-1	2.868919285E+6	0.000000000E+0
3.768870000E+2	1.835422972E+1	5.020400000E+0	0.000000000E+0	3.506000000E-1	6.116000000E-1	2.865482437E+6	0.000000000E+0
3.777950000E+2	1.840168898E+1	5.021300000E+0	0.000000000E+0	3.505000000E-1	6.119000000E-1	2.862527078E+6	0.000000000E+0
3.787480000E+2	1.844996821E+1	5.021800000E+0	0.000000000E+0	3.505000000E-1	6.121000000E-1	2.853156333E+6	0.000000000E+0
3.797000000E+2	1.849577721E+1	5.021800000E+0	0.000000000E+0	3.504000000E-1	6.123000000E-1	2.855419130E+6	0.000000000E+0
3.806530000E+2	1.854243156E+1	5.021100000E+0	0.000000000E+0	3.503000000E-1	6.126000000E-1	2.846498093E+6	0.000000000E+0
3.815800000E+2	1.859073475E+1	5.020000000E+0	0.000000000E+0	3.503000000E-1	6.127000000E-1	2.849466900E+6	0.000000000E+0
3.825420000E+2	1.863716828E+1	5.018500000E+0	0.000000000E+0	3.502000000E-1	6.129000000E-1	2.846371287E+6	0.000000000E+0
3.834860000E+2	1.868530136E+1	5.017400000E+0	0.000000000E+0	3.501000000E-1	6.130000000E-1	2.836330416E+6	0.000000000E+0
3.844150000E+2	1.873127725E+1	5.016200000E+0	0.000000000E+0	3.500000000E-1	6.133000000E-1	2.839375037E+6	0.000000000E+0
3.853820000E+2	1.877699051E+1	5.015500000E+0	0.000000000E+0	3.500000000E-1	6.129000000E-1	2.835991724E+6	0.000000000E+0
3.863300000E+2	1.882867430E+1	5.014600000E+0	0.000000000E+0	3.499000000E-1	6.125000000E-1	2.826539159E+6	0.000000000E+0
3.872670000E+2	1.887523236E+1	5.013800000E+0	0.000000000E+0	3.498000000E-1	6.123000000E-1	2.823004741E+6	0.000000000E+0
3.882170000E+2	1.892165464E+1	5.012800000E+0	0.000000000E+0	3.498000000E-1	6.122000000E-1	2.824713099E+6	0.000000000E+0
3.891880000E+2	1.896353494E+1	5.012100000E+0	0.000000000E+0	3.497000000E-1	6.121000000E-1	2.821681240E+6	0.000000000E+0
3.901270000E+2	1.901415108E+1	5.011700000E+0	0.000000000E+0	3.496000000E-1	6.122000000E-1	2.812141279E+6	0.000000000E+0
3.910900000E+2	1.906315983E+1	5.011400000E+0	0.000000000E+0	3.496000000E-1	6.123000000E-1	2.815125856E+6	0.000000000E+0
3.920580000E+2	1.911316599E+1	5.011500000E+0	0.000000000E+0	3.495000000E-1	6.124000000E-1	2.810827484E+6	0.000000000E+0
3.929940000E+2	1.915981423E+1	5.012200000E+0	0.000000000E+0	3.494000000E-1	6.126000000E-1	2.806909711E+6	0.000000000E+0
3.939340000E+2	1.920629288E+1	5.013100000E+0	0.000000000E+0	3.494000000E-1	6.128000000E-1	2.804354487E+6	0.000000000E+0
3.948710000E+2	1.925284716E+1	5.014400000E+0	0.000000000E+0	3.493000000E-1	6.130000000E-1	2.799672928E+6	0.000000000E+0
3.958300000E+2	1.930123606E+1	5.016100000E+0	0.000000000E+0	3.493000000E-1	6.133000000E-1	2.796026575E+6	0.000000000E+0
3.968010000E+2	1.934933692E+1	5.017600000E+0	0.000000000E+0	3.492000000E-1	6.135000000E-1	2.791953638E+6	0.000000000E+0
3.977460000E+2	1.939763178E+1	5.019400000E+0	0.000000000E+0	3.492000000E-1	6.138000000E-1	2.787984449E+6	0.000000000E+0
3.986780000E+2	1.944433634E+1	5.020800000E+0	0.000000000E+0	3.491000000E-1	6.141000000E-1	2.778232714E+6	0.000000000E+0
3.996200000E+2	1.949088821E+1	5.022500000E+0	0.000000000E+0	3.490000000E-1	6.145000000E-1	2.774121043E+6	0.000000000E+0
4.005790000E+2	1.953656862E+1	5.024000000E+0	0.000000000E+0	3.490000000E-1	6.148000000E-1	2.770143775E+6	0.000000000E+0
4.015540000E+2	1.958668800E+1	5.025500000E+0	0.000000000E+0	3.489000000E-1	6.151000000E-1	2.766465781E+6	0.000000000E+0
4.025150000E+2	1.963481968E+1	5.027000000E+0	0.000000000E+0	3.488000000E-1	6.154000000E-1	2.768350616E+6	0.000000000E+0
4.034700000E+2	1.968391481E+1	5.027900000E+0	0.000000000E+0	3.488000000E-1	6.157000000E-1	2.764411221E+6	0.000000000E+0
4.044380000E+2	1.973059106E+1	5.028200000E+0	0.000000000E+0	3.487000000E-1	6.160000000E-1	2.760051179E+6	0.000000000E+0
4.053820000E+2	1.977451871E+1	5.028000000E+0	0.000000000E+0	3.486000000E-1	6.163000000E-1	2.749257698E+6	0.000000000E+0
4.063450000E+2	1.982351931E+1	5.027600000E+0	0.000000000E+0	3.486000000E-1	6.166000000E-1	2.750870906E+6	0.000000000E+0
4.072980000E+2	1.987454869E+1	5.027200000E+0	0.000000000E+0	3.485000000E-1	6.169000000E-1	2.746707726E+6	0.000000000E+0
4.082520000E+2	1.992173028E+1	5.027200000E+0	0.000000000E+0	3.485000000E-1	6.172000000E-1	2.742497744E+6	0.000000000E+0
4.091700000E+2	1.996779525E+1	5.027800000E+0	0.000000000E+0	3.484000000E-1	6.175000000E-1	2.738249023E+6	0.000000000E+0
4.101050000E+2	2.001340317E+1	5.028800000E+0	0.000000000E+0	3.483000000E-1	6.178000000E-1	2.733992055E+6	0.000000000E+0
4.110270000E+2	2.005929809E+1	5.030100000E+0	0.000000000E+0	3.483000000E-1	6.180000000E-1	2.723950715E+6	0.000000000E+0
4.119810000E+2	2.010810109E+1	5.031600000E+0	0.000000000E+0	3.482000000E-1	6.183000000E-1	2.724631509E+6	0.000000000E+0
4.129440000E+2	2.015651461E+1	5.033100000E+0	0.000000000E+0	3.482000000E-1	6.186000000E-1	2.716829734E+6	0.000000000E+0
4.138920000E+2	2.020285615E+1	5.034000000E+0	0.000000000E+0	3.481000000E-1	6.188000000E-1	2.715967240E+6	0.000000000E+0
4.148460000E+2	2.025098117E+1	5.034900000E+0	0.000000000E+0	3.481000000E-1	6.191000000E-1	2.711019428E+6	0.000000000E+0
4.159370000E+2	2.029426111E+1	5.035400000E+0	0.000000000E+0	3.480000000E-1	6.195000000E-1	2.705528538E+6	0.000000000E+0
4.169250000E+2	2.035603087E+1	5.035500000E+0	0.000000000E+0	3.480000000E-1	6.199000000E-1	2.700904925E+6	0.000000000E+0
4.179180000E+2	2.040443320E+1	5.035200000E+0	0.000000000E+0	3.480000000E-1	6.202000000E-1	2.695577005E+6	0.000000000E+0
4.188710000E+2	2.045245454E+1	5.034900000E+0	0.000000000E+0	3.479000000E-1	6.204000000E-1	2.690639199E+6	0.000000000E+0
4.198010000E+2	2.049574092E+1	5.034700000E+0	0.000000000E+0	3.479000000E-1	6.207000000E-1	2.686068363E+6	0.000000000E+0
4.208010000E+2	2.054585790E+1	5.034000000E+0	0.000000000E+0	3.478000000E-1	6.209000000E-1	2.673694562E+6	0.000000000E+0
4.219450000E+2	2.060225572E+1	5.033400000E+0	0.000000000E+0	3.478000000E-1	6.213000000E-1	2.674679370E+6	0.000000000E+0
4.229030000E+2	2.065215165E+1	5.033200000E+0	0.000000000E+0	3.478000000E-1	6.216000000E-1	2.668734059E+6	0.000000000E+0
4.238500000E+2	2.070216536E+1	5.033200000E+0	0.000000000E+0	3.477000000E-1	6.219000000E-1	2.663568230E+6	0.000000000E+0
4.249950000E+2	2.074364857E+1	5.033800000E+0	0.000000000E+0	3.477000000E-1	6.223000000E-1	2.657285321E+6	0.000000000E+0
4.259500000E+2	2.080346754E+1	5.034200000E+0	0.000000000E+0	3.476000000E-1	6.225000000E-1	2.652269279E+6	0.000000000E+0
4.268900000E+2	2.085196628E+1	5.034500000E+0	0.000000000E+0	3.476000000E-1	6.227000000E-1	2.646407973E+6	0.000000000E+0
4.278590000E+2	2.089833418E+1	5.034700000E+0	0.000000000E+0	3.476000000E-1	6.228000000E-1	2.640830917E+6	0.000000000E+0
4.287920000E+2	2.094503125E+1	5.034900000E+0	0.000000000E+0	3.475000000E-1	6.230000000E-1	2.635547871E+6	0.000000000E+0
4.297430000E+2	2.098827039E+1	5.034800000E+0	0.000000000E+0	3.475000000E-1	6.232000000E-1	2.630170651E+6	0.000000000E+0
4.306860000E+2	2.103896486E+1	5.034800000E+0	0.000000000E+0	3.475000000E-1	6.234000000E-1	2.624224971E+6	0.000000000E+0
4.316000000E+2	2.108626901E+1	5.034500000E+0	0.000000000E+0	3.474000000E-1	6.236000000E-1	2.614485331E+6	0.000000000E+0
4.325300000E+2	2.113054643E+1	5.034200000E+0	0.000000000E+0	3.474000000E-1	6.239000000E-1	2.613252816E+6	0.000000000E+0
4.334930000E+2	2.118117156E+1	5.033800000E+0	0.000000000E+0	3.474000000E-1	6.243000000E-1	2.607001042E+6	0.000000000E+0
4.344850000E+2	2.123263291E+1	5.033600000E+0	0.000000000E+0	3.473000000E-1	6.246000000E-1	2.601238280E+6	0.000000000E+0
4.353920000E+2	2.127684961E+1	5.033900000E+0	0.000000000E+0	3.473000000E-1	6.248000000E-1	2.594652445E+6	0.000000000E+0
4.363480000E+2	2.132424405E+1	5.034200000E+0	0.000000000E+0	3.473000000E-1	6.251000000E-1	2.588217893E+6	0.000000000E+0
4.372820000E+2	2.137084340E+1	5.034800000E+0	0.000000000E+0	3.473000000E-1	6.254000000E-1	2.582138033E+6	0.000000000E+0
4.382300000E+2	2.141974976E+1	5.035200000E+0	0.000000000E+0	3.472000000E-1	6.256000000E-1	2.575769524E+6	0.000000000E+0
4.391940000E+2	2.146475899E+1	5.035900000E+0	0.000000000E+0	3.472000000E-1	6.258000000E-1	2.568801462E+6	0.000000000E+0
4.401530000E+2	2.151483911E+1	5.037200000E+0	0.000000000E+0	3.472000000E-1	6.261000000E-1	2.561989562E+6	0.000000000E+0
4.411200000E+2	2.156196880E+1	5.039200000E+0	0.000000000E+0	3.471000000E-1	6.264000000E-1	2.550435210E+6	0.000000000E+0
4.420950000E+2	2.160869225E+1	5.041300000E+0	0.000000000E+0	3.471000000E-1	6.268000000E-1	2.549505524E+6	0.000000000E+0
4.430430000E+2	2.165841563E+1	5.043500000E+0	0.000000000E+0	3.470000000E-1	6.271000000E-1	2.541624588E+6	0.000000000E+0
4.440010000E+2	2.170086977E+1	5.045300000E+0	0.000000000E+0	3.470000000E-1	6.274000000E-1	2.535019130E+6	0.000000000E+0
4.449590000E+2	2.175240071E+1	5.047100000E+0	0.000000000E+0	3.469000000E-1	6.276000000E-1	2.522658984E+6	0.000000000E+0
4.459040000E+2	2.179804862E+1	5.048700000E+0	0.000000000E+0	3.469000000E-1	6.278000000E-1	2.519928724E+6	0.000000000E+0
4.468610000E+2	2.184821763E+1	5.049900000E+0	0.000000000E+0	3.469000000E-1	6.280000000E-1	2.512484875E+6	0.000000000E+0
4.478490000E+2	2.189631540E+1	5.050700000E+0	0.000000000E+0	3.468000000E-1	6.282000000E-1	2.504447204E+6	0.000000000E+0
4.487790000E+2	2.194470839E+1	5.051300000E+0	0.000000000E+0	3.468000000E-1	6.284000000E-1	2.497402738E+6	0.000000000E+0
4.497020000E+2	2.199122462E+1	5.051600000E+0	0.000000000E+0	3.467000000E-1	6.287000000E-1	2.485793757E+6	0.000000000E+0
4.506550000E+2	2.203785017E+1	5.051800000E+0	0.000000000E+0	3.467000000E-1	6.290000000E-1	2.481590555E+6	0.000000000E+0
4.515930000E+2	2.208414559E+1	5.051800000E+0	0.000000000E+0	3.466000000E-1	6.292000000E-1	2.473532603E+6	0.000000000E+0
4.525510000E+2	2.213088838E+1	5.051500000E+0	0.000000000E+0	3.466000000E-1	6.295000000E-1	2.464941310E+6	0.000000000E+0
4.534950000E+2	2.217836586E+1	5.051200000E+0	0.000000000E+0	3.465000000E-1	6.296000000E-1	2.457290860E+6	0.000000000E+0
4.544230000E+2	2.222644277E+1	5.050400000E+0	0.000000000E+0	3.465000000E-1	6.280000000E-1	2.449088823E+6	0.000000000E+0
4.553530000E+2	2.227025150E+1	5.049400000E+0	0.000000000E+0	3.464000000E-1	6.273000000E-1	2.439665000E+6	0.000000000E+0
4.563130000E+2	2.232038081E+1	5.048200000E+0	0.000000000E+0	3.464000000E-1	6.265000000E-1	2.430790647E+6	0.000000000E+0
4.572810000E+2	2.236696027E+1	5.047400000E+0	0.000000000E+0	3.464000000E-1	6.266000000E-1	2.421994045E+6	0.000000000E+0
4.582300000E+2	2.241505180E+1	5.046700000E+0	0.000000000E+0	3.464000000E-1	6.280000000E-1	2.413124527E+6	0.000000000E+0
4.591860000E+2	2.246324415E+1	5.046200000E+0	0.000000000E+0	3.463000000E-1	6.291000000E-1	2.404352921E+6	0.000000000E+0
4.601300000E+2	2.250650945E+1	5.045300000E+0	0.000000000E+0	3.463000000E-1	6.302000000E-1	2.394809941E+6	0.000000000E+0
4.610790000E+2	2.255644141E+1	5.044500000E+0	0.000000000E+0	3.463000000E-1	6.309000000E-1	2.385590814E+6	0.000000000E+0
4.620350000E+2	2.260481793E+1	5.043800000E+0	0.000000000E+0	3.463000000E-1	6.314000000E-1	2.376503235E+6	0.000000000E+0
4.629800000E+2	2.265120813E+1	5.043500000E+0	0.000000000E+0	3.463000000E-1	6.319000000E-1	2.366998326E+6	0.000000000E+0
4.639370000E+2	2.269927083E+1	5.043400000E+0	0.000000000E+0	3.463000000E-1	6.324000000E-1	2.354788728E+6	0.000000000E+0
4.648970000E+2	2.274600635E+1	5.043100000E+0	0.000000000E+0	3.463000000E-1	6.327000000E-1	2.347200822E+6	0.000000000E+0
4.658610000E+2	2.279664501E+1	5.042900000E+0	0.000000000E+0	3.463000000E-1	7.170000000E-1	2.337914552E+6	0.000000000E+0
4.667910000E+2	2.284073467E+1	5.042800000E+0	0.000000000E+0	3.463000000E-1	7.171000000E-1	2.328454397E+6	0.000000000E+0
4.677350000E+2	2.288828807E+1	5.042800000E+0	0.000000000E+0	3.462000000E-1	7.173000000E-1	2.318893446E+6	0.000000000E+0
4.686720000E+2	2.293715053E+1	5.042900000E+0	0.000000000E+0	3.462000000E-1	7.175000000E-1	2.306726487E+6	0.000000000E+0
4.696410000E+2	2.298545472E+1	5.043100000E+0	0.000000000E+0	3.462000000E-1	7.177000000E-1	2.299064939E+6	0.000000000E+0
4.705880000E+2	2.303367382E+1	5.043700000E+0	0.000000000E+0	3.462000000E-1	7.179000000E-1	2.288502009E+6	0.000000000E+0
4.715440000E+2	2.307853807E+1	5.044200000E+0	0.000000000E+0	3.461000000E-1	7.182000000E-1	2.278849327E+6	0.000000000E+0
4.725050000E+2	2.312684894E+1	5.044700000E+0	0.000000000E+0	3.461000000E-1	7.184000000E-1	2.268530672E+6	0.000000000E+0
4.734560000E+2	2.317515919E+1	5.045300000E+0	0.000000000E+0	3.461000000E-1	7.185000000E-1	2.258811010E+6	0.000000000E+0
4.743910000E+2	2.321399790E+1	5.045300000E+0	0.000000000E+0	3.461000000E-1	7.186000000E-1	2.246826815E+6	0.000000000E+0
4.753540000E+2	2.326991919E+1	5.045100000E+0	0.000000000E+0	3.460000000E-1	7.187000000E-1	2.238501080E+6	0.000000000E+0
4.762920000E+2	2.331455256E+1	5.044800000E+0	0.000000000E+0	3.460000000E-1	7.189000000E-1	2.228642590E+6	0.000000000E+0
4.772190000E+2	2.336196492E+1	5.044600000E+0	0.000000000E+0	3.460000000E-1	7.191000000E-1	2.218985664E+6	0.000000000E+0
4.781550000E+2	2.340924150E+1	5.044700000E+0	0.000000000E+0	3.459000000E-1	7.192000000E-1	2.206814655E+6	0.000000000E+0
4.791100000E+2	2.345777627E+1	5.045000000E+0	0.000000000E+0	3.459000000E-1	7.195000000E-1	2.196835928E+6	0.000000000E+0
4.800630000E+2	2.350576129E+1	5.045700000E+0	0.000000000E+0	3.459000000E-1	7.197000000E-1	2.188384529E+6	0.000000000E+0
4.810220000E+2	2.355236024E+1	5.046800000E+0	0.000000000E+0	3.459000000E-1	7.200000000E-1	2.178247348E+6	0.000000000E+0
4.819980000E+2	2.360057215E+1	5.048100000E+0	0.000000000E+0	3.459000000E-1	7.202000000E-1	2.168102626E+6	0.000000000E+0
4.829660000E+2	2.364868206E+1	5.050000000E+0	0.000000000E+0	3.458000000E-1	7.204000000E-1	2.157517086E+6	0.000000000E+0
4.839220000E+2	2.369701944E+1	5.052100000E+0	0.000000000E+0	3.458000000E-1	7.207000000E-1	2.147434977E+6	0.000000000E+0
4.848660000E+2	2.374513656E+1	5.054000000E+0	0.000000000E+0	3.458000000E-1	7.209000000E-1	2.136204570E+6	0.000000000E+0
4.858030000E+2	2.379008529E+1	5.055800000E+0	0.000000000E+0	3.458000000E-1	7.211000000E-1	2.127466648E+6	0.000000000E+0
4.867650000E+2	2.383996669E+1	5.057600000E+0	0.000000000E+0	3.458000000E-1	7.212000000E-1	2.117289451E+6	0.000000000E+0
4.877130000E+2	2.388643476E+1	5.058700000E+0	0.000000000E+0	3.458000000E-1	7.214000000E-1	2.107277409E+6	0.000000000E+0
4.886900000E+2	2.393367094E+1	5.059400000E+0	0.000000000E+0	3.458000000E-1	7.216000000E-1	2.096857142E+6	0.000000000E+0
4.896610000E+2	2.398371089E+1	5.059900000E+0	0.000000000E+0	3.458000000E-1	7.219000000E-1	2.087039158E+6	0.000000000E+0
4.906250000E+2	2.402337746E+1	5.060000000E+0	0.000000000E+0	3.458000000E-1	7.222000000E-1	2.076124666E+6	0.000000000E+0
4.915780000E+2	2.407754664E+1	5.059700000E+0	0.000000000E+0	3.458000000E-1	7.224000000E-1	2.066079655E+6	0.000000000E+0
4.925360000E+2	2.412336978E+1	5.059100000E+0	0.000000000E+0	3.458000000E-1	7.227000000E-1	2.056071034E+6	0.000000000E+0
4.934840000E+2	2.417495286E+1	5.058800000E+0	0.000000000E+0	3.458000000E-1	7.229000000E-1	2.046360368E+6	0.000000000E+0
4.944360000E+2	2.422151807E+1	5.058300000E+0	0.000000000E+0	3.458000000E-1	7.232000000E-1	2.036630601E+6	0.000000000E+0
4.953590000E+2	2.426542210E+1	5.057800000E+0	0.000000000E+0	3.458000000E-1	7.234000000E-1	2.026897974E+6	0.000000000E+0
4.963070000E+2	2.431359093E+1	5.057400000E+0	0.000000000E+0	3.458000000E-1	7.235000000E-1	2.016195783E+6	0.000000000E+0
4.972560000E+2	2.435841447E+1	5.057200000E+0	0.000000000E+0	3.458000000E-1	7.237000000E-1	2.007252122E+6	0.000000000E+0
4.981780000E+2	2.440838105E+1	5.057000000E+0	0.000000000E+0	3.458000000E-1	7.239000000E-1	1.997575062E+6	0.000000000E+0
4.991140000E+2	2.445484192E+1	5.056700000E+0	0.000000000E+0	3.458000000E-1	7.241000000E-1	1.987688353E+6	0.000000000E+0
5.000680000E+2	2.450130219E+1	5.056400000E+0	0.000000000E+0	3.458000000E-1	7.244000000E-1	1.978424746E+6	0.000000000E+0
5.009880000E+2	2.454698487E+1	5.056400000E+0	0.000000000E+0	3.457000000E-1	7.246000000E-1	1.968029897E+6	0.000000000E+0
5.019310000E+2	2.459460099E+1	5.056900000E+0	0.000000000E+0	3.457000000E-1	7.250000000E-1	1.958206264E+6	0.000000000E+0
5.028950000E+2	2.464415892E+1	5.057300000E+0	0.000000000E+0	3.457000000E-1	7.253000000E-1	1.948943448E+6	0.000000000E+0
5.039040000E+2	2.469173997E+1	5.057700000E+0	0.000000000E+0	3.457000000E-1	7.256000000E-1	1.939282757E+6	0.000000000E+0
5.048350000E+2	2.473661794E+1	5.058000000E+0	0.000000000E+0	3.457000000E-1	7.258000000E-1	1.929484381E+6	0.000000000E+0
5.057810000E+2	2.478732243E+1	5.058300000E+0	0.000000000E+0	3.457000000E-1	7.257000000E-1	1.919129172E+6	0.000000000E+0
5.067310000E+2	2.483113513E+1	5.058500000E+0	0.000000000E+0	3.457000000E-1	7.258000000E-1	1.910843010E+6	0.000000000E+0
5.076560000E+2	2.488110358E+1	5.058300000E+0	0.000000000E+0	3.456000000E-1	7.260000000E-1	1.901283006E+6	0.000000000E+0
5.086380000E+2	2.492781167E+1	5.058400000E+0	0.000000000E+0	3.456000000E-1	7.264000000E-1	1.891728189E+6	0.000000000E+0
5.095940000E+2	2.497568449E+1	5.058800000E+0	0.000000000E+0	3.456000000E-1	7.267000000E-1	1.882316622E+6	0.000000000E+0
5.105230000E+2	2.502326112E+1	5.059700000E+0	0.000000000E+0	3.456000000E-1	7.271000000E-1	1.872886375E+6	0.000000000E+0
5.114790000E+2	2.507151265E+1	5.060900000E+0	0.000000000E+0	3.456000000E-1	7.274000000E-1	1.863083821E+6	0.000000000E+0
5.124280000E+2	2.511803245E+1	5.063000000E+0	0.000000000E+0	3.456000000E-1	7.277000000E-1	1.854875282E+6	0.000000000E+0
5.133670000E+2	2.516276991E+1	5.065400000E+0	0.000000000E+0	3.456000000E-1	7.280000000E-1	1.845473007E+6	0.000000000E+0
5.143120000E+2	2.521276745E+1	5.067800000E+0	0.000000000E+0	3.456000000E-1	7.283000000E-1	1.836597909E+6	0.000000000E+0
5.152870000E+2	2.526098261E+1	5.070300000E+0	0.000000000E+0	3.456000000E-1	7.286000000E-1	1.827241872E+6	0.000000000E+0
5.162150000E+2	2.530766033E+1	5.072200000E+0	0.000000000E+0	3.456000000E-1	7.289000000E-1	1.818073104E+6	0.000000000E+0
5.171800000E+2	2.535404189E+1	5.074000000E+0	0.000000000E+0	3.456000000E-1	7.292000000E-1	1.809437957E+6	0.000000000E+0
5.181170000E+2	2.540119121E+1	5.075300000E+0	0.000000000E+0	3.456000000E-1	7.295000000E-1	1.800219862E+6	0.000000000E+0
5.190870000E+2	2.545012990E+1	5.076100000E+0	0.000000000E+0	3.456000000E-1	7.298000000E-1	1.791038045E+6	0.000000000E+0
5.200480000E+2	2.549757343E+1	5.076500000E+0	0.000000000E+0	3.455000000E-1	7.300000000E-1	1.782594491E+6	0.000000000E+0
5.209890000E+2	2.554056672E+1	5.076500000E+0	0.000000000E+0	3.455000000E-1	7.303000000E-1	1.773672555E+6	0.000000000E+0
5.219260000E+2	2.559081213E+1	5.076100000E+0	0.000000000E+0	3.455000000E-1	7.306000000E-1	1.765359582E+6	0.000000000E+0
5.228590000E+2	2.563654825E+1	5.075600000E+0	0.000000000E+0	3.455000000E-1	7.309000000E-1	1.756614124E+6	0.000000000E+0
5.237750000E+2	2.568627724E+1	5.075000000E+0	0.000000000E+0	3.455000000E-1	7.312000000E-1	1.748132847E+6	0.000000000E+0
5.247250000E+2	2.573100740E+1	5.074500000E+0	0.000000000E+0	3.455000000E-1	7.316000000E-1	1.739710546E+6	0.000000000E+0
5.256710000E+2	2.577767878E+1	5.074300000E+0	0.000000000E+0	3.455000000E-1	7.319000000E-1	1.731173570E+6	0.000000000E+0
5.266140000E+2	2.582572567E+1	5.074700000E+0	0.000000000E+0	3.455000000E-1	7.323000000E-1	1.722967733E+6	0.000000000E+0
5.275570000E+2	2.587052999E+1	5.076100000E+0	0.000000000E+0	3.456000000E-1	7.326000000E-1	1.714699454E+6	0.000000000E+0
5.285050000E+2	2.592050886E+1	5.077900000E+0	0.000000000E+0	3.455000000E-1	7.329000000E-1	1.706453186E+6	0.000000000E+0
5.294580000E+2	2.596684842E+1	5.080600000E+0	0.000000000E+0	3.456000000E-1	7.332000000E-1	1.698039406E+6	0.000000000E+0
5.303950000E+2	2.601341528E+1	5.083100000E+0	0.000000000E+0	3.456000000E-1	7.334000000E-1	1.690120193E+6	0.000000000E+0
5.313430000E+2	2.606159391E+1	5.085400000E+0	0.000000000E+0	3.456000000E-1	7.337000000E-1	1.682455834E+6	0.000000000E+0
5.322960000E+2	2.610977187E+1	5.086800000E+0	0.000000000E+0	3.456000000E-1	7.340000000E-1	1.673603111E+6	0.000000000E+0
5.332800000E+2	2.615791537E+1	5.087800000E+0	0.000000000E+0	3.456000000E-1	7.342000000E-1	1.665192570E+6	0.000000000E+0
5.342340000E+2	2.620286725E+1	5.089400000E+0	0.000000000E+0	3.456000000E-1	7.344000000E-1	1.657905490E+6	0.000000000E+0
5.351520000E+2	2.624785230E+1	5.091100000E+0	0.000000000E+0	3.456000000E-1	7.346000000E-1	1.650588611E+6	0.000000000E+0
5.360820000E+2	2.629747951E+1	5.092500000E+0	0.000000000E+0	3.457000000E-1	7.348000000E-1	1.642111733E+6	0.000000000E+0
5.370520000E+2	2.634725793E+1	5.093700000E+0	0.000000000E+0	3.457000000E-1	7.350000000E-1	1.634786886E+6	0.000000000E+0
5.380020000E+2	2.639307673E+1	5.094500000E+0	0.000000000E+0	3.457000000E-1	7.353000000E-1	1.627063141E+6	0.000000000E+0
5.389670000E+2	2.643876828E+1	5.094700000E+0	0.000000000E+0	3.457000000E-1	7.355000000E-1	1.619556002E+6	0.000000000E+0
5.399050000E+2	2.648662007E+1	5.094900000E+0	0.000000000E+0	3.457000000E-1	7.358000000E-1	1.612501370E+6	0.000000000E+0
5.408480000E+2	2.653659825E+1	5.094900000E+0	0.000000000E+0	3.457000000E-1	7.361000000E-1	1.604835577E+6	0.000000000E+0
5.417870000E+2	2.658113147E+1	5.095000000E+0	0.000000000E+0	3.457000000E-1	7.363000000E-1	1.597618262E+6	0.000000000E+0
5.427140000E+2	2.662797679E+1	5.095400000E+0	0.000000000E+0	3.457000000E-1	7.365000000E-1	1.590446116E+6	0.000000000E+0
5.436800000E+2	2.667466109E+1	5.096000000E+0	0.000000000E+0	3.458000000E-1	7.367000000E-1	1.583075789E+6	0.000000000E+0
5.446450000E+2	2.672247573E+1	5.096700000E+0	0.000000000E+0	3.458000000E-1	7.368000000E-1	1.575763229E+6	0.000000000E+0
5.456160000E+2	2.677257696E+1	5.097500000E+0	0.000000000E+0	3.458000000E-1	7.369000000E-1	1.568277007E+6	0.000000000E+0
5.465830000E+2	2.682048302E+1	5.098400000E+0	0.000000000E+0	3.458000000E-1	7.370000000E-1	1.561630844E+6	0.000000000E+0
5.474930000E+2	2.686713083E+1	5.099400000E+0	0.000000000E+0	3.458000000E-1	7.371000000E-1	1.555080521E+6	0.000000000E+0
5.484160000E+2	2.690949900E+1	5.100300000E+0	0.000000000E+0	3.458000000E-1	7.374000000E-1	1.548137086E+6	0.000000000E+0
5.493800000E+2	2.695416222E+1	5.101400000E+0	0.000000000E+0	3.459000000E-1	7.376000000E-1	1.541243952E+6	0.000000000E+0
5.503410000E+2	2.700673272E+1	5.102700000E+0	0.000000000E+0	3.459000000E-1	7.379000000E-1	1.534400575E+6	0.000000000E+0
5.512650000E+2	2.705239047E+1	5.103500000E+0	0.000000000E+0	3.459000000E-1	7.381000000E-1	1.528043913E+6	0.000000000E+0
5.522250000E+2	2.710141487E+1	5.104500000E+0	0.000000000E+0	3.460000000E-1	7.383000000E-1	1.521732483E+6	0.000000000E+0
5.531850000E+2	2.715130777E+1	5.105500000E+0	0.000000000E+0	3.460000000E-1	7.385000000E-1	1.515136300E+6	0.000000000E+0
5.541410000E+2	2.719776521E+1	5.106600000E+0	0.000000000E+0	3.460000000E-1	7.386000000E-1	1.508964389E+6	0.000000000E+0
5.550730000E+2	2.724261014E+1	5.107400000E+0	0.000000000E+0	3.460000000E-1	7.388000000E-1	1.502501867E+6	0.000000000E+0
5.560240000E+2	2.728916753E+1	5.108000000E+0	0.000000000E+0	3.461000000E-1	7.390000000E-1	1.495928841E+6	0.000000000E+0
5.569970000E+2	2.733966513E+1	5.108500000E+0	0.000000000E+0	3.461000000E-1	7.392000000E-1	1.489525458E+6	0.000000000E+0
5.579620000E+2	2.738860081E+1	5.109300000E+0	0.000000000E+0	3.461000000E-1	7.394000000E-1	1.483446019E+6	0.000000000E+0
5.589340000E+2	2.743514766E+1	5.110400000E+0	0.000000000E+0	3.461000000E-1	7.397000000E-1	1.477115325E+6	0.000000000E+0
5.599410000E+2	2.748587925E+1	5.111800000E+0	0.000000000E+0	3.461000000E-1	7.399000000E-1	1.471114772E+6	0.000000000E+0
5.608900000E+2	2.753207029E+1	5.113200000E+0	0.000000000E+0	3.462000000E-1	7.401000000E-1	1.465228365E+6	0.000000000E+0
5.618430000E+2	2.757874163E+1	5.114600000E+0	0.000000000E+0	3.462000000E-1	7.404000000E-1	1.459562140E+6	0.000000000E+0
5.627610000E+2	2.762683831E+1	5.115800000E+0	0.000000000E+0	3.462000000E-1	7.405000000E-1	1.453610038E+6	0.000000000E+0
5.637040000E+2	2.767331420E+1	5.117200000E+0	0.000000000E+0	3.462000000E-1	7.404000000E-1	1.447930680E+6	0.000000000E+0
5.646300000E+2	2.771882751E+1	5.119000000E+0	0.000000000E+0	3.462000000E-1	7.403000000E-1	1.442070363E+6	0.000000000E+0
5.655920000E+2	2.776212109E+1	5.121000000E+0	0.000000000E+0	3.462000000E-1	7.404000000E-1	1.436703747E+6	0.000000000E+0
5.665260000E+2	2.781283905E+1	5.123300000E+0	0.000000000E+0	3.463000000E-1	7.404000000E-1	1.431172583E+6	0.000000000E+0
5.674850000E+2	2.786273778E+1	5.125000000E+0	0.000000000E+0	3.463000000E-1	7.406000000E-1	1.425777628E+6	0.000000000E+0
5.684380000E+2	2.790985988E+1	5.126800000E+0	0.000000000E+0	3.463000000E-1	7.407000000E-1	1.420854475E+6	0.000000000E+0
5.693710000E+2	2.795493951E+1	5.128200000E+0	0.000000000E+0	3.463000000E-1	7.409000000E-1	1.415085547E+6	0.000000000E+0
5.703270000E+2	2.800466726E+1	5.129400000E+0	0.000000000E+0	3.463000000E-1	7.411000000E-1	1.409995072E+6	0.000000000E+0
5.712690000E+2	2.805117136E+1	5.130100000E+0	0.000000000E+0	3.463000000E-1	7.413000000E-1	1.404869373E+6	0.000000000E+0
5.722070000E+2	2.809738793E+1	5.130100000E+0	0.000000000E+0	3.463000000E-1	7.416000000E-1	1.399693652E+6	0.000000000E+0
5.731690000E+2	2.814569608E+1	5.129400000E+0	0.000000000E+0	3.463000000E-1	7.418000000E-1	1.394622151E+6	0.000000000E+0
5.741130000E+2	2.819216434E+1	5.128600000E+0	0.000000000E+0	3.463000000E-1	7.421000000E-1	1.389653577E+6	0.000000000E+0
5.750910000E+2	2.824034449E+1	5.127800000E+0	0.000000000E+0	3.464000000E-1	7.424000000E-1	1.385019875E+6	0.000000000E+0
5.760350000E+2	2.828671855E+1	5.127100000E+0	0.000000000E+0	3.464000000E-1	7.427000000E-1	1.379972405E+6	0.000000000E+0
5.770000000E+2	2.833650853E+1	5.126800000E+0	0.000000000E+0	3.464000000E-1	7.429000000E-1	1.374799662E+6	0.000000000E+0
5.779720000E+2	2.838233282E+1	5.127000000E+0	0.000000000E+0	3.464000000E-1	7.432000000E-1	1.370408143E+6	0.000000000E+0
5.788890000E+2	2.842948086E+1	5.127400000E+0	0.000000000E+0	3.465000000E-1	7.434000000E-1	1.365499094E+6	0.000000000E+0
5.798470000E+2	2.846950847E+1	5.128100000E+0	0.000000000E+0	3.465000000E-1	7.436000000E-1	1.360868045E+6	0.000000000E+0
5.807950000E+2	2.852240823E+1	5.129000000E+0	0.000000000E+0	3.465000000E-1	7.437000000E-1	1.356325817E+6	0.000000000E+0
5.817350000E+2	2.857061700E+1	5.129800000E+0	0.000000000E+0	3.466000000E-1	7.440000000E-1	1.352077894E+6	0.000000000E+0
5.826880000E+2	2.861801523E+1	5.130800000E+0	0.000000000E+0	3.466000000E-1	7.442000000E-1	1.347841086E+6	0.000000000E+0
5.836250000E+2	2.866509220E+1	5.132100000E+0	0.000000000E+0	3.466000000E-1	7.445000000E-1	1.343703583E+6	0.000000000E+0
5.845920000E+2	2.871348431E+1	5.133400000E+0	0.000000000E+0	3.467000000E-1	7.447000000E-1	1.339250694E+6	0.000000000E+0
5.855350000E+2	2.875985128E+1	5.134600000E+0	0.000000000E+0	3.467000000E-1	7.450000000E-1	1.335188956E+6	0.000000000E+0
5.864620000E+2	2.880631033E+1	5.135700000E+0	0.000000000E+0	3.467000000E-1	7.453000000E-1	1.331155175E+6	0.000000000E+0
5.874570000E+2	2.885444717E+1	5.137000000E+0	0.000000000E+0	3.468000000E-1	7.456000000E-1	1.326565012E+6	0.000000000E+0
5.883940000E+2	2.890345201E+1	5.138200000E+0	0.000000000E+0	3.468000000E-1	7.459000000E-1	1.322698495E+6	0.000000000E+0
5.893420000E+2	2.895173914E+1	5.139300000E+0	0.000000000E+0	3.468000000E-1	7.462000000E-1	1.318803675E+6	0.000000000E+0
5.902690000E+2	2.899315160E+1	5.140300000E+0	0.000000000E+0	3.468000000E-1	7.466000000E-1	1.315080012E+6	0.000000000E+0
5.912170000E+2	2.904443985E+1	5.141300000E+0	0.000000000E+0	3.469000000E-1	7.469000000E-1	1.311187669E+6	0.000000000E+0
5.921710000E+2	2.909031262E+1	5.142600000E+0	0.000000000E+0	3.469000000E-1	7.472000000E-1	1.307548157E+6	0.000000000E+0
5.931130000E+2	2.913680880E+1	5.143700000E+0	0.000000000E+0	3.469000000E-1	7.475000000E-1	1.303557629E+6	0.000000000E+0
5.940500000E+2	2.917634645E+1	5.145200000E+0	0.000000000E+0	3.469000000E-1	7.478000000E-1	1.300290851E+6	0.000000000E+0
5.949960000E+2	2.923280982E+1	5.146700000E+0	0.000000000E+0	3.470000000E-1	7.481000000E-1	1.296402503E+6	0.000000000E+0
5.959420000E+2	2.927867973E+1	5.148500000E+0	0.000000000E+0	3.470000000E-1	7.483000000E-1	1.292904043E+6	0.000000000E+0
5.968520000E+2	2.932421162E+1	5.150100000E+0	0.000000000E+0	3.470000000E-1	7.486000000E-1	1.289609956E+6	0.000000000E+0
5.977700000E+2	2.937052710E+1	5.151400000E+0	0.000000000E+0	3.471000000E-1	7.487000000E-1	1.285987668E+6	0.000000000E+0
5.986990000E+2	2.941554317E+1	5.152500000E+0	0.000000000E+0	3.471000000E-1	7.489000000E-1	1.283025003E+6	0.000000000E+0
5.996760000E+2	2.946366189E+1	5.153500000E+0	0.000000000E+0	3.471000000E-1	7.491000000E-1	1.279261812E+6	0.000000000E+0
6.006450000E+2	2.951329774E+1	5.154600000E+0	0.000000000E+0	3.471000000E-1	7.494000000E-1	1.275988568E+6	0.000000000E+0
6.016030000E+2	2.956004036E+1	5.155500000E+0	0.000000000E+0	3.472000000E-1	7.496000000E-1	1.272668673E+6	0.000000000E+0
6.025910000E+2	2.960784475E+1	5.156300000E+0	0.000000000E+0	3.472000000E-1	7.497000000E-1	1.269764388E+6	0.000000000E+0
6.035250000E+2	2.965602783E+1	5.157600000E+0	0.000000000E+0	3.472000000E-1	7.499000000E-1	1.266381559E+6	0.000000000E+0
6.044840000E+2	2.970488471E+1	5.158600000E+0	0.000000000E+0	3.472000000E-1	7.500000000E-1	1.263243339E+6	0.000000000E+0
6.054000000E+2	2.974886702E+1	5.159600000E+0	0.000000000E+0	3.473000000E-1	7.502000000E-1	1.260403217E+6	0.000000000E+0
6.063780000E+2	2.979515061E+1	5.160600000E+0	0.000000000E+0	3.473000000E-1	7.503000000E-1	1.257253345E+6	0.000000000E+0
6.073070000E+2	2.984526154E+1	5.161900000E+0	0.000000000E+0	3.474000000E-1	7.505000000E-1	1.254781998E+6	0.000000000E+0
6.083060000E+2	2.988925862E+1	5.162900000E+0	0.000000000E+0	3.474000000E-1	7.507000000E-1	1.251894885E+6	0.000000000E+0
6.092490000E+2	2.994139996E+1	5.164300000E+0	0.000000000E+0	3.475000000E-1	7.509000000E-1	1.248724041E+6	0.000000000E+0
6.101920000E+2	2.998546306E+1	5.165900000E+0	0.000000000E+0	3.475000000E-1	7.510000000E-1	1.245909723E+6	0.000000000E+0
6.111400000E+2	3.003502272E+1	5.168000000E+0	0.000000000E+0	3.476000000E-1	7.512000000E-1	1.243189797E+6	0.000000000E+0
6.121090000E+2	3.008327471E+1	5.169900000E+0	0.000000000E+0	3.476000000E-1	7.514000000E-1	1.240466100E+6	0.000000000E+0
6.130860000E+2	3.013225940E+1	5.171500000E+0	0.000000000E+0	3.477000000E-1	7.516000000E-1	1.237876346E+6	0.000000000E+0
6.140360000E+2	3.017946435E+1	5.172700000E+0	0.000000000E+0	3.477000000E-1	7.518000000E-1	1.235422597E+6	0.000000000E+0
6.149830000E+2	3.022596879E+1	5.173400000E+0	0.000000000E+0	3.477000000E-1	7.520000000E-1	1.232852400E+6	0.000000000E+0
6.159100000E+2	3.027309636E+1	5.173900000E+0	0.000000000E+0	3.478000000E-1	7.521000000E-1	1.230605964E+6	0.000000000E+0
6.168480000E+2	3.031901760E+1	5.174500000E+0	0.000000000E+0	3.478000000E-1	7.523000000E-1	1.227841170E+6	0.000000000E+0
6.177980000E+2	3.036786344E+1	5.175300000E+0	0.000000000E+0	3.479000000E-1	7.525000000E-1	1.225799539E+6	0.000000000E+0
6.187430000E+2	3.041525847E+1	5.176400000E+0	0.000000000E+0	3.479000000E-1	7.527000000E-1	1.223164657E+6	0.000000000E+0
6.197070000E+2	3.045918796E+1	5.177700000E+0	0.000000000E+0	3.479000000E-1	7.529000000E-1	1.220790503E+6	0.000000000E+0
6.206450000E+2	3.050970900E+1	5.179300000E+0	0.000000000E+0	3.480000000E-1	7.531000000E-1	1.218400681E+6	0.000000000E+0
6.215940000E+2	3.055517971E+1	5.180800000E+0	0.000000000E+0	3.480000000E-1	7.532000000E-1	1.216475631E+6	0.000000000E+0
6.225290000E+2	3.060325447E+1	5.182300000E+0	0.000000000E+0	3.480000000E-1	7.534000000E-1	1.214288868E+6	0.000000000E+0
6.234520000E+2	3.064885857E+1	5.183700000E+0	0.000000000E+0	3.481000000E-1	7.535000000E-1	1.211992278E+6	0.000000000E+0
6.244080000E+2	3.069114077E+1	5.185000000E+0	0.000000000E+0	3.481000000E-1	7.537000000E-1	1.209736994E+6	0.000000000E+0
6.253410000E+2	3.074089067E+1	5.186300000E+0	0.000000000E+0	3.481000000E-1	7.539000000E-1	1.207950211E+6	0.000000000E+0
6.262900000E+2	3.078892018E+1	5.187000000E+0	0.000000000E+0	3.481000000E-1	7.541000000E-1	1.205938186E+6	0.000000000E+0
6.272480000E+2	3.083892125E+1	5.187800000E+0	0.000000000E+0	3.481000000E-1	7.543000000E-1	1.203824715E+6	0.000000000E+0
6.281660000E+2	3.088275155E+1	5.188600000E+0	0.000000000E+0	3.482000000E-1	7.545000000E-1	1.201937995E+6	0.000000000E+0
6.291080000E+2	3.093079553E+1	5.189400000E+0	0.000000000E+0	3.482000000E-1	7.547000000E-1	1.200022577E+6	0.000000000E+0
6.300640000E+2	3.097484355E+1	5.190200000E+0	0.000000000E+0	3.482000000E-1	7.550000000E-1	1.198071162E+6	0.000000000E+0
6.310180000E+2	3.102557464E+1	5.190900000E+0	0.000000000E+0	3.482000000E-1	7.552000000E-1	1.196407933E+6	0.000000000E+0
6.319600000E+2	3.106952848E+1	5.191900000E+0	0.000000000E+0	3.483000000E-1	7.554000000E-1	1.194614887E+6	0.000000000E+0
6.328930000E+2	3.111916222E+1	5.193400000E+0	0.000000000E+0	3.483000000E-1	7.556000000E-1	1.192761167E+6	0.000000000E+0
6.338410000E+2	3.116384784E+1	5.195000000E+0	0.000000000E+0	3.483000000E-1	7.558000000E-1	1.191297446E+6	0.000000000E+0
6.347740000E+2	3.120870975E+1	5.196500000E+0	0.000000000E+0	3.483000000E-1	7.560000000E-1	1.189805346E+6	0.000000000E+0
6.357320000E+2	3.125830733E+1	5.198200000E+0	0.000000000E+0	3.484000000E-1	7.562000000E-1	1.188034993E+6	0.000000000E+0
6.366850000E+2	3.130736467E+1	5.199600000E+0	0.000000000E+0	3.484000000E-1	7.564000000E-1	1.186380352E+6	0.000000000E+0
6.376350000E+2	3.135305018E+1	5.201500000E+0	0.000000000E+0	3.484000000E-1	7.566000000E-1	1.185045686E+6	0.000000000E+0
6.385860000E+2	3.139802705E+1	5.203900000E+0	0.000000000E+0	3.484000000E-1	7.567000000E-1	1.183092354E+6	0.000000000E+0
6.395580000E+2	3.144837130E+1	5.206900000E+0	0.000000000E+0	3.485000000E-1	7.569000000E-1	1.182563135E+6	0.000000000E+0
