201505_cell9.051 Wed, May 27, 2015 12:13:28 AM Tozer
Magnet: Cell 9
Trigger spacing of 0.000000 on column #0
Scale Factors:	1.000000000E+0	1.000000000E+0	1.000000000E+0	1.000000000E+0	1.000000000E+0	1.000000000E+0	1.000000000E+0
CeCu2Ge2
f=428
LO1=361
LO2=70
Timestamp_051  	Field_051      	Sorb_T_051     	1kpot_T_051    	He3_T_051      	Probe_T_051    	Freq_051
2.010000000E-1	1.271148600E-4	2.400000000E+1	1.466200000E+0	1.003100000E+0	1.012300000E+0	4.195160246E+6
7.280000000E-1	1.440635080E-4	2.400000000E+1	1.466400000E+0	1.003100000E+0	1.012300000E+0	4.193394202E+6
1.371000000E+0	1.016918880E-4	2.400010000E+1	1.466500000E+0	1.003000000E+0	1.012300000E+0	4.195559488E+6
2.014000000E+0	1.101662120E-4	2.400000000E+1	1.466300000E+0	1.003000000E+0	1.012300000E+0	4.196192946E+6
2.659000000E+0	1.525378320E-4	2.399990000E+1	1.466100000E+0	1.003000000E+0	1.012300000E+0	4.194801203E+6
3.304000000E+0	1.271148600E-4	2.400000000E+1	1.466200000E+0	1.003000000E+0	1.012300000E+0	4.193381104E+6
3.948000000E+0	1.101662120E-4	2.399980000E+1	1.466700000E+0	1.003000000E+0	1.012200000E+0	4.194932586E+6
4.590000000E+0	1.355891840E-4	2.399990000E+1	1.466800000E+0	1.003000000E+0	1.012300000E+0	4.196086633E+6
5.233000000E+0	1.016918880E-4	2.400000000E+1	1.466700000E+0	1.003000000E+0	1.012300000E+0	4.195700373E+6
5.877000000E+0	1.271148600E-4	2.399990000E+1	1.466400000E+0	1.003000000E+0	1.012300000E+0	4.194516276E+6
6.521000000E+0	1.016918880E-4	2.399980000E+1	1.466000000E+0	1.002900000E+0	1.012300000E+0	4.194593976E+6
7.165000000E+0	7.626891600E-5	2.399970000E+1	1.465700000E+0	1.002900000E+0	1.012300000E+0	4.195984601E+6
7.808000000E+0	1.101662120E-4	2.399960000E+1	1.465500000E+0	1.002900000E+0	1.012300000E+0	4.196094367E+6
8.455000000E+0	1.016918880E-4	2.399960000E+1	1.465800000E+0	1.002900000E+0	1.012300000E+0	4.195560033E+6
9.106000000E+0	1.101662120E-4	2.399950000E+1	1.465900000E+0	1.002900000E+0	1.012300000E+0	4.205523653E+6
9.747000000E+0	3.420237159E-2	2.399970000E+1	1.465700000E+0	1.006500000E+0	1.012400000E+0	4.286810301E+6
1.038900000E+1	1.145982806E-1	2.399980000E+1	1.465400000E+0	1.016700000E+0	1.012700000E+0	4.315831148E+6
1.103400000E+1	1.924773077E-1	2.399980000E+1	1.465000000E+0	1.026400000E+0	1.013100000E+0	4.318952460E+6
1.167900000E+1	2.664750828E-1	2.400000000E+1	1.465000000E+0	1.033800000E+0	1.013600000E+0	4.321048381E+6
1.232900000E+1	3.404982645E-1	2.400030000E+1	1.464700000E+0	1.041600000E+0	1.014400000E+0	4.322012922E+6
1.297900000E+1	4.145298996E-1	2.400050000E+1	1.464300000E+0	1.047700000E+0	1.015400000E+0	4.325070102E+6
1.362600000E+1	4.960273786E-1	2.400060000E+1	1.463700000E+0	1.053900000E+0	1.017000000E+0	4.327381784E+6
1.426900000E+1	5.680166465E-1	2.400050000E+1	1.463100000E+0	1.058700000E+0	1.018600000E+0	4.326776300E+6
1.491300000E+1	6.401414703E-1	2.400050000E+1	1.462500000E+0	1.063600000E+0	1.020700000E+0	4.326634454E+6
1.555700000E+1	7.141983971E-1	2.400050000E+1	1.461900000E+0	1.067300000E+0	1.022600000E+0	4.329187226E+6
1.619900000E+1	7.958906191E-1	2.400030000E+1	1.461300000E+0	1.071000000E+0	1.025200000E+0	4.330319982E+6
1.684300000E+1	8.696254253E-1	2.400020000E+1	1.461000000E+0	1.073700000E+0	1.027400000E+0	4.329338437E+6
1.748600000E+1	9.437838925E-1	2.400020000E+1	1.461600000E+0	1.076000000E+0	1.029700000E+0	4.328153098E+6
1.813000000E+1	1.013840752E+0	2.400010000E+1	1.461800000E+0	1.078300000E+0	1.032400000E+0	4.328950981E+6
1.877400000E+1	1.087380481E+0	2.400000000E+1	1.461600000E+0	1.079800000E+0	1.034800000E+0	4.330645706E+6
1.941700000E+1	1.169360506E+0	2.400010000E+1	1.461000000E+0	1.081300000E+0	1.037600000E+0	4.330326526E+6
2.006100000E+1	1.237476569E+0	2.400020000E+1	1.460300000E+0	1.082300000E+0	1.040000000E+0	4.329062865E+6
2.070400000E+1	1.317261599E+0	2.400030000E+1	1.459500000E+0	1.083000000E+0	1.042400000E+0	4.327568993E+6
2.134900000E+1	1.398885443E+0	2.400040000E+1	1.459000000E+0	1.083600000E+0	1.045100000E+0	4.330029523E+6
2.199200000E+1	1.472941704E+0	2.400040000E+1	1.458300000E+0	1.083900000E+0	1.047400000E+0	4.330006877E+6
2.263600000E+1	1.546777545E+0	2.400040000E+1	1.457200000E+0	1.084000000E+0	1.049900000E+0	4.329230323E+6
2.328000000E+1	1.620774301E+0	2.400030000E+1	1.456100000E+0	1.084000000E+0	1.052400000E+0	4.328449115E+6
2.392300000E+1	1.694737061E+0	2.400040000E+1	1.454600000E+0	1.083700000E+0	1.055200000E+0	4.329980545E+6
2.457200000E+1	1.772445302E+0	2.400030000E+1	1.453100000E+0	1.083300000E+0	1.058000000E+0	4.332822593E+6
2.521500000E+1	1.846441740E+0	2.400030000E+1	1.451800000E+0	1.082900000E+0	1.060200000E+0	4.330991148E+6
2.585800000E+1	1.922505758E+0	2.400040000E+1	1.450300000E+0	1.082300000E+0	1.062500000E+0	4.330136151E+6
2.650200000E+1	1.998476435E+0	2.400040000E+1	1.449100000E+0	1.081700000E+0	1.064600000E+0	4.330074275E+6
2.714600000E+1	2.070176026E+0	2.400040000E+1	1.447500000E+0	1.080800000E+0	1.067000000E+0	4.332659135E+6
2.778900000E+1	2.142290729E+0	2.400050000E+1	1.445900000E+0	1.080000000E+0	1.069100000E+0	4.333022820E+6
2.843200000E+1	2.220040577E+0	2.400040000E+1	1.443800000E+0	1.079000000E+0	1.071300000E+0	4.332757626E+6
2.907700000E+1	2.295942927E+0	2.400040000E+1	1.442100000E+0	1.078100000E+0	1.073300000E+0	4.331568607E+6
2.972100000E+1	2.371845128E+0	2.400050000E+1	1.439900000E+0	1.077000000E+0	1.075500000E+0	4.334134237E+6
3.036600000E+1	2.449747049E+0	2.400050000E+1	1.438100000E+0	1.076000000E+0	1.077300000E+0	4.335636503E+6
3.100900000E+1	2.515980076E+0	2.400060000E+1	1.436200000E+0	1.074900000E+0	1.079300000E+0	4.335433509E+6
3.165200000E+1	2.597635668E+0	2.400060000E+1	1.435900000E+0	1.073800000E+0	1.081000000E+0	4.334377059E+6
3.229500000E+1	2.661936345E+0	2.400060000E+1	1.435600000E+0	1.072800000E+0	1.082700000E+0	4.336742088E+6
3.294300000E+1	2.745362644E+0	2.400060000E+1	1.434600000E+0	1.071500000E+0	1.084500000E+0	4.338135890E+6
3.358600000E+1	2.819484338E+0	2.400070000E+1	1.433100000E+0	1.070500000E+0	1.086100000E+0	4.338847893E+6
3.423400000E+1	2.895385382E+0	2.400070000E+1	1.431000000E+0	1.069200000E+0	1.087800000E+0	4.338859280E+6
3.487700000E+1	2.973387768E+0	2.400070000E+1	1.429000000E+0	1.068100000E+0	1.089300000E+0	4.338923753E+6
3.552100000E+1	3.052906775E+0	2.400070000E+1	1.426500000E+0	1.066800000E+0	1.091000000E+0	4.342325566E+6
3.616400000E+1	3.126934506E+0	2.400070000E+1	1.424400000E+0	1.065600000E+0	1.092400000E+0	4.343243632E+6
3.680700000E+1	3.200801041E+0	2.400070000E+1	1.421900000E+0	1.064300000E+0	1.094100000E+0	4.343591588E+6
3.745200000E+1	3.270591476E+0	2.400090000E+1	1.419600000E+0	1.063100000E+0	1.095400000E+0	4.342687048E+6
3.809600000E+1	3.348686048E+0	2.400090000E+1	1.417000000E+0	1.062000000E+0	1.096700000E+0	4.345621139E+6
3.874100000E+1	3.426297386E+0	2.400080000E+1	1.414000000E+0	1.060700000E+0	1.098200000E+0	4.347646515E+6
3.939000000E+1	3.492689259E+0	2.400060000E+1	1.412700000E+0	1.059500000E+0	1.099500000E+0	4.347910427E+6
4.003800000E+1	3.582265051E+0	2.400040000E+1	1.410600000E+0	1.058200000E+0	1.100900000E+0	4.347756804E+6
4.068100000E+1	3.648334512E+0	2.400040000E+1	1.408400000E+0	1.057000000E+0	1.102100000E+0	4.348503363E+6
4.132800000E+1	3.724165458E+0	2.400050000E+1	1.405300000E+0	1.055700000E+0	1.103500000E+0	4.352704560E+6
4.197300000E+1	3.803851669E+0	2.400070000E+1	1.402400000E+0	1.054500000E+0	1.104600000E+0	4.354507107E+6
4.261700000E+1	3.877970448E+0	2.400040000E+1	1.398900000E+0	1.053200000E+0	1.105900000E+0	4.353848106E+6
4.326100000E+1	3.951766993E+0	2.400070000E+1	1.396800000E+0	1.051900000E+0	1.107200000E+0	4.353267138E+6
4.390400000E+1	4.020258850E+0	2.400070000E+1	1.395600000E+0	1.050900000E+0	1.108000000E+0	4.356903112E+6
4.454800000E+1	4.094021031E+0	2.400060000E+1	1.393000000E+0	1.049500000E+0	1.109200000E+0	4.358219472E+6
4.519200000E+1	4.173799145E+0	2.400060000E+1	1.390400000E+0	1.048400000E+0	1.110300000E+0	4.358739659E+6
4.583600000E+1	4.251534856E+0	2.400050000E+1	1.386700000E+0	1.047000000E+0	1.111400000E+0	4.358642882E+6
4.647900000E+1	4.317670145E+0	2.400030000E+1	1.382700000E+0	1.045600000E+0	1.112600000E+0	4.360035306E+6
4.712300000E+1	4.403234744E+0	2.400000000E+1	1.379200000E+0	1.044500000E+0	1.113600000E+0	4.362587300E+6
4.776700000E+1	4.481062796E+0	2.400010000E+1	1.375700000E+0	1.043300000E+0	1.114500000E+0	4.362441328E+6
4.841100000E+1	4.555119908E+0	2.400010000E+1	1.373600000E+0	1.042000000E+0	1.115700000E+0	4.363637078E+6
4.906200000E+1	4.630888349E+0	2.400020000E+1	1.370800000E+0	1.040800000E+0	1.116700000E+0	4.363187040E+6
4.970600000E+1	4.703063823E+0	2.400030000E+1	1.367200000E+0	1.039500000E+0	1.117800000E+0	4.366189480E+6
5.035000000E+1	4.784966300E+0	2.400040000E+1	1.363700000E+0	1.038300000E+0	1.118700000E+0	4.366811930E+6
5.099500000E+1	4.858725671E+0	2.400060000E+1	1.359600000E+0	1.037200000E+0	1.119600000E+0	4.367622604E+6
5.163900000E+1	4.928739606E+0	2.400060000E+1	1.354700000E+0	1.036000000E+0	1.120600000E+0	4.367402100E+6
5.228300000E+1	5.006540080E+0	2.400060000E+1	1.350400000E+0	1.034900000E+0	1.121500000E+0	4.369058945E+6
5.292700000E+1	5.080493428E+0	2.400060000E+1	1.345200000E+0	1.033700000E+0	1.122500000E+0	4.371791422E+6
5.357100000E+1	5.152573918E+0	2.400060000E+1	1.340800000E+0	1.032700000E+0	1.123400000E+0	4.371691427E+6
5.421400000E+1	5.232313722E+0	2.400060000E+1	1.335600000E+0	1.031500000E+0	1.124400000E+0	4.372143828E+6
5.485800000E+1	5.306164429E+0	2.400060000E+1	1.331800000E+0	1.030500000E+0	1.125300000E+0	4.372437083E+6
5.550600000E+1	5.382158466E+0	2.400080000E+1	1.327600000E+0	1.029600000E+0	1.126200000E+0	4.375044384E+6
5.615000000E+1	5.450221511E+0	2.400100000E+1	1.322200000E+0	1.028500000E+0	1.127200000E+0	4.376930748E+6
5.679600000E+1	5.533713374E+0	2.400100000E+1	1.317200000E+0	1.027600000E+0	1.128100000E+0	4.376707202E+6
5.744400000E+1	5.609630098E+0	2.400120000E+1	1.311100000E+0	1.026600000E+0	1.129000000E+0	4.376170895E+6
5.809200000E+1	5.683589244E+0	2.400130000E+1	1.305800000E+0	1.025700000E+0	1.129900000E+0	4.377183808E+6
5.873600000E+1	5.749617547E+0	2.400150000E+1	1.299300000E+0	1.024800000E+0	1.130800000E+0	4.380079393E+6
5.938000000E+1	5.835463240E+0	2.400160000E+1	1.293800000E+0	1.023900000E+0	1.131600000E+0	4.380768798E+6
6.002400000E+1	5.909412835E+0	2.400160000E+1	1.287300000E+0	1.023000000E+0	1.132500000E+0	4.380556351E+6
6.067100000E+1	5.975507944E+0	2.400180000E+1	1.281800000E+0	1.022100000E+0	1.133200000E+0	4.380433504E+6
6.131500000E+1	6.061157482E+0	2.400200000E+1	1.276100000E+0	1.021200000E+0	1.134100000E+0	4.382961199E+6
6.195900000E+1	6.134817890E+0	2.400200000E+1	1.270800000E+0	1.020400000E+0	1.134900000E+0	4.383907231E+6
6.260700000E+1	6.212798894E+0	2.400200000E+1	1.264100000E+0	1.019500000E+0	1.135700000E+0	4.384116979E+6
6.325100000E+1	6.286687284E+0	2.400210000E+1	1.258000000E+0	1.018700000E+0	1.136400000E+0	4.383337923E+6
6.389500000E+1	6.360600706E+0	2.400220000E+1	1.251900000E+0	1.017900000E+0	1.137100000E+0	4.385162962E+6
6.453800000E+1	6.438555051E+0	2.400220000E+1	1.245000000E+0	1.017000000E+0	1.137900000E+0	4.386356206E+6
6.518300000E+1	6.512501556E+0	2.400200000E+1	1.238900000E+0	1.016100000E+0	1.138700000E+0	4.386442492E+6
6.582600000E+1	6.590327956E+0	2.400210000E+1	1.231300000E+0	1.015300000E+0	1.139400000E+0	4.386374959E+6
6.646900000E+1	6.660105307E+0	2.400210000E+1	1.225300000E+0	1.014500000E+0	1.140000000E+0	4.385365974E+6
6.711300000E+1	6.738057936E+0	2.400200000E+1	1.219300000E+0	1.013500000E+0	1.140800000E+0	4.387927053E+6
6.776400000E+1	6.811875713E+0	2.400200000E+1	1.211800000E+0	1.012600000E+0	1.141400000E+0	4.389004378E+6
6.840800000E+1	6.889886747E+0	2.400190000E+1	1.203900000E+0	1.011700000E+0	1.142100000E+0	4.388879099E+6
6.905200000E+1	6.963737550E+0	2.400180000E+1	1.196900000E+0	1.010800000E+0	1.142200000E+0	4.387417662E+6
6.969400000E+1	7.039655087E+0	2.400160000E+1	1.189600000E+0	1.009900000E+0	1.141800000E+0	4.388304636E+6
7.033800000E+1	7.115504394E+0	2.400160000E+1	1.181100000E+0	1.008800000E+0	1.141700000E+0	4.390331267E+6
7.098300000E+1	7.189480958E+0	2.400150000E+1	1.173800000E+0	1.007900000E+0	1.141800000E+0	4.389838712E+6
7.162700000E+1	7.259255060E+0	2.400150000E+1	1.165200000E+0	1.006800000E+0	1.142100000E+0	4.389581069E+6
7.227100000E+1	7.339144055E+0	2.400150000E+1	1.157800000E+0	1.005800000E+0	1.142600000E+0	4.388275610E+6
7.291300000E+1	7.405257520E+0	2.400160000E+1	1.151700000E+0	1.004700000E+0	1.143200000E+0	4.390209527E+6
7.355600000E+1	7.488991683E+0	2.400180000E+1	1.146900000E+0	1.003700000E+0	1.143900000E+0	4.390416393E+6
7.420200000E+1	7.562932086E+0	2.400200000E+1	1.141200000E+0	1.002700000E+0	1.144600000E+0	4.390049713E+6
7.484500000E+1	7.630797920E+0	2.400220000E+1	1.133800000E+0	1.001500000E+0	1.145500000E+0	4.388805519E+6
7.548900000E+1	7.710718307E+0	2.400230000E+1	1.126900000E+0	1.000500000E+0	1.146300000E+0	4.388484752E+6
7.613400000E+1	7.788376268E+0	2.400250000E+1	1.118300000E+0	9.993000000E-1	1.147300000E+0	4.390463372E+6
7.678000000E+1	7.866381027E+0	2.400250000E+1	1.110800000E+0	9.983000000E-1	1.148100000E+0	4.390328370E+6
7.742400000E+1	7.940191944E+0	2.400250000E+1	1.102000000E+0	9.971000000E-1	1.149100000E+0	4.388947491E+6
7.806900000E+1	8.014163329E+0	2.400260000E+1	1.094300000E+0	9.960000000E-1	1.149900000E+0	4.387942832E+6
7.871300000E+1	8.092200404E+0	2.400270000E+1	1.084700000E+0	9.948000000E-1	1.150800000E+0	4.389512843E+6
7.935800000E+1	8.164036041E+0	2.400260000E+1	1.076400000E+0	9.938000000E-1	1.151500000E+0	4.389320963E+6
8.000100000E+1	8.243757797E+0	2.400250000E+1	1.067900000E+0	9.927000000E-1	1.152200000E+0	4.388694753E+6
8.064500000E+1	8.317693249E+0	2.400260000E+1	1.058300000E+0	9.915000000E-1	1.152700000E+0	4.387879309E+6
8.128800000E+1	8.391602778E+0	2.400270000E+1	1.048300000E+0	9.902000000E-1	1.153100000E+0	4.387384858E+6
8.193100000E+1	8.465469437E+0	2.400280000E+1	1.039400000E+0	9.892000000E-1	1.153600000E+0	4.388745874E+6
8.257500000E+1	8.543181347E+0	2.400280000E+1	1.030300000E+0	9.881000000E-1	1.154100000E+0	4.390146241E+6
8.321900000E+1	8.617275649E+0	2.400280000E+1	1.019700000E+0	9.868000000E-1	1.154700000E+0	4.387260920E+6
8.386700000E+1	8.694893244E+0	2.400290000E+1	1.010400000E+0	9.858000000E-1	1.155300000E+0	4.385764639E+6
8.451000000E+1	8.769020336E+0	2.400280000E+1	0.000000000E+0	9.846000000E-1	1.156000000E+0	4.387082230E+6
8.515300000E+1	8.842892769E+0	2.400290000E+1	0.000000000E+0	9.836000000E-1	1.156500000E+0	4.387056825E+6
8.579700000E+1	8.916722308E+0	2.400280000E+1	0.000000000E+0	9.825000000E-1	1.157100000E+0	4.385717472E+6
8.644100000E+1	8.992626569E+0	2.400280000E+1	0.000000000E+0	9.813000000E-1	1.157800000E+0	4.384139581E+6
8.708500000E+1	9.052724441E+0	2.400280000E+1	0.000000000E+0	9.803000000E-1	1.158400000E+0	4.383166592E+6
8.772800000E+1	9.146500105E+0	2.400270000E+1	0.000000000E+0	9.792000000E-1	1.159100000E+0	4.383577797E+6
8.837300000E+1	9.220293490E+0	2.400260000E+1	0.000000000E+0	9.782000000E-1	1.159600000E+0	4.382730409E+6
8.901700000E+1	9.288377382E+0	2.400250000E+1	0.000000000E+0	9.770000000E-1	1.160300000E+0	4.381266010E+6
8.966100000E+1	9.372062818E+0	2.400240000E+1	0.000000000E+0	9.760000000E-1	1.160800000E+0	4.378946836E+6
9.030300000E+1	9.445829055E+0	2.400210000E+1	0.000000000E+0	9.751000000E-1	1.161300000E+0	4.380207413E+6
9.094700000E+1	9.519755645E+0	2.400210000E+1	0.000000000E+0	9.739000000E-1	1.162000000E+0	4.380174916E+6
9.159100000E+1	9.593427553E+0	2.400210000E+1	0.000000000E+0	9.730000000E-1	1.162500000E+0	4.378475924E+6
9.223900000E+1	9.671359225E+0	2.400200000E+1	0.000000000E+0	9.719000000E-1	1.162300000E+0	4.376687520E+6
9.288200000E+1	9.741303208E+0	2.400180000E+1	0.000000000E+0	9.709000000E-1	1.162100000E+0	4.375534827E+6
9.352500000E+1	9.819267503E+0	2.400180000E+1	0.000000000E+0	9.699000000E-1	1.162100000E+0	4.376413729E+6
9.417300000E+1	9.891226132E+0	2.400180000E+1	0.000000000E+0	9.690000000E-1	1.162300000E+0	4.375051497E+6
9.481700000E+1	9.973025861E+0	2.400190000E+1	0.000000000E+0	9.679000000E-1	1.162700000E+0	4.373042644E+6
9.546700000E+1	1.004876066E+1	2.400180000E+1	0.000000000E+0	9.671000000E-1	1.163100000E+0	4.370062417E+6
9.611100000E+1	1.011893886E+1	2.400180000E+1	0.000000000E+0	9.662000000E-1	1.163600000E+0	4.370877965E+6
9.675500000E+1	1.019651027E+1	2.400190000E+1	0.000000000E+0	9.652000000E-1	1.164200000E+0	4.370275904E+6
9.739900000E+1	1.027055775E+1	2.400200000E+1	0.000000000E+0	9.644000000E-1	1.164900000E+0	4.368604656E+6
9.804500000E+1	1.035038909E+1	2.400210000E+1	0.000000000E+0	9.634000000E-1	1.165600000E+0	4.366261476E+6
9.869000000E+1	1.042434210E+1	2.400210000E+1	0.000000000E+0	9.626000000E-1	1.166300000E+0	4.365233086E+6
9.933400000E+1	1.050201239E+1	2.400210000E+1	0.000000000E+0	9.617000000E-1	1.167200000E+0	4.364862707E+6
9.997800000E+1	1.057385530E+1	2.400220000E+1	0.000000000E+0	9.607000000E-1	1.168000000E+0	4.363254109E+6
1.006230000E+2	1.064755229E+1	2.400220000E+1	0.000000000E+0	9.599000000E-1	1.168700000E+0	4.361751366E+6
1.012680000E+2	1.070774079E+1	2.400220000E+1	0.000000000E+0	9.591000000E-1	1.169300000E+0	4.358306518E+6
1.019110000E+2	1.079761198E+1	2.400210000E+1	0.000000000E+0	9.583000000E-1	1.169900000E+0	4.359491298E+6
1.025550000E+2	1.087337335E+1	2.400210000E+1	0.000000000E+0	9.575000000E-1	1.170600000E+0	4.357654030E+6
1.032020000E+2	1.094528079E+1	2.400230000E+1	0.000000000E+0	9.566000000E-1	1.171200000E+0	4.355545947E+6
1.038460000E+2	1.102323414E+1	2.400210000E+1	0.000000000E+0	9.558000000E-1	1.171700000E+0	4.353099953E+6
1.044900000E+2	1.110273647E+1	2.400190000E+1	0.000000000E+0	9.551000000E-1	1.172200000E+0	4.351572281E+6
1.051380000E+2	1.117283810E+1	2.400190000E+1	0.000000000E+0	9.542000000E-1	1.172700000E+0	4.350923260E+6
1.057810000E+2	1.124652121E+1	2.400200000E+1	0.000000000E+0	9.535000000E-1	1.173200000E+0	4.348810536E+6
1.064250000E+2	1.132453937E+1	2.400220000E+1	0.000000000E+0	9.527000000E-1	1.173900000E+0	4.347075419E+6
1.070690000E+2	1.139434266E+1	2.400240000E+1	0.000000000E+0	9.520000000E-1	1.174400000E+0	4.343476654E+6
1.077120000E+2	1.148017536E+1	2.400250000E+1	0.000000000E+0	9.514000000E-1	1.174900000E+0	4.343065177E+6
1.083570000E+2	1.155001112E+1	2.400270000E+1	0.000000000E+0	9.506000000E-1	1.175500000E+0	4.342220809E+6
1.090010000E+2	1.162386003E+1	2.400270000E+1	0.000000000E+0	9.499000000E-1	1.176000000E+0	4.339242931E+6
1.096490000E+2	1.169763202E+1	2.400270000E+1	0.000000000E+0	9.491000000E-1	1.176600000E+0	4.336729290E+6
1.102910000E+2	1.177180128E+1	2.400260000E+1	0.000000000E+0	9.485000000E-1	1.177100000E+0	4.335012313E+6
1.109350000E+2	1.184942461E+1	2.400260000E+1	0.000000000E+0	9.477000000E-1	1.177700000E+0	4.334104585E+6
1.115840000E+2	1.192132307E+1	2.400270000E+1	0.000000000E+0	9.471000000E-1	1.178100000E+0	4.331858479E+6
1.122280000E+2	1.200498216E+1	2.400260000E+1	0.000000000E+0	9.463000000E-1	1.178600000E+0	4.329551190E+6
1.128720000E+2	1.207520256E+1	2.400270000E+1	0.000000000E+0	9.457000000E-1	1.179100000E+0	4.326313532E+6
1.135150000E+2	1.215686163E+1	2.400260000E+1	0.000000000E+0	9.449000000E-1	1.179700000E+0	4.325512969E+6
1.141600000E+2	1.223067069E+1	2.400280000E+1	0.000000000E+0	9.443000000E-1	1.180200000E+0	4.324009290E+6
1.148030000E+2	1.230440279E+1	2.400270000E+1	0.000000000E+0	9.437000000E-1	1.180600000E+0	4.321055569E+6
1.154470000E+2	1.236457840E+1	2.400250000E+1	0.000000000E+0	9.430000000E-1	1.181100000E+0	4.317706207E+6
1.160910000E+2	1.244849489E+1	2.400240000E+1	0.000000000E+0	9.423000000E-1	1.181600000E+0	4.315453307E+6
1.167350000E+2	1.252607718E+1	2.400210000E+1	0.000000000E+0	9.416000000E-1	1.182000000E+0	4.314511606E+6
1.173790000E+2	1.260194834E+1	2.400200000E+1	0.000000000E+0	9.410000000E-1	1.182400000E+0	4.312339216E+6
1.180210000E+2	1.268172182E+1	2.400180000E+1	0.000000000E+0	9.403000000E-1	1.182900000E+0	4.309159441E+6
1.186660000E+2	1.275558472E+1	2.400160000E+1	0.000000000E+0	9.397000000E-1	1.183400000E+0	4.305070708E+6
1.193090000E+2	1.283132640E+1	2.400140000E+1	0.000000000E+0	9.391000000E-1	1.183900000E+0	4.304037703E+6
1.199530000E+2	1.289739861E+1	2.400130000E+1	0.000000000E+0	9.385000000E-1	1.184500000E+0	4.301591223E+6
1.205970000E+2	1.297536538E+1	2.400120000E+1	0.000000000E+0	9.379000000E-1	1.184900000E+0	4.298260679E+6
1.212440000E+2	1.305303494E+1	2.400120000E+1	0.000000000E+0	9.373000000E-1	1.185500000E+0	4.294739669E+6
1.218870000E+2	1.312896806E+1	2.400120000E+1	0.000000000E+0	9.367000000E-1	1.185900000E+0	4.292168111E+6
1.225310000E+2	1.320654274E+1	2.400120000E+1	0.000000000E+0	9.361000000E-1	1.186400000E+0	4.290295495E+6
1.231750000E+2	1.327858828E+1	2.400130000E+1	0.000000000E+0	9.355000000E-1	1.186900000E+0	4.288869785E+6
1.238190000E+2	1.335826076E+1	2.400120000E+1	0.000000000E+0	9.349000000E-1	1.187100000E+0	4.285018782E+6
1.244630000E+2	1.342627496E+1	2.400120000E+1	0.000000000E+0	9.344000000E-1	1.187000000E+0	4.280607881E+6
1.251060000E+2	1.350393931E+1	2.400130000E+1	0.000000000E+0	9.338000000E-1	1.187000000E+0	4.279659021E+6
1.257510000E+2	1.357976572E+1	2.400130000E+1	0.000000000E+0	9.332000000E-1	1.187200000E+0	4.277129482E+6
1.263950000E+2	1.365391509E+1	2.400120000E+1	0.000000000E+0	9.327000000E-1	1.187500000E+0	4.273657799E+6
1.270400000E+2	1.373180531E+1	2.400130000E+1	0.000000000E+0	9.321000000E-1	1.187900000E+0	4.269320477E+6
1.276850000E+2	1.379551527E+1	2.400130000E+1	0.000000000E+0	9.315000000E-1	1.188300000E+0	4.267544743E+6
1.283300000E+2	1.388109015E+1	2.400130000E+1	0.000000000E+0	9.309000000E-1	1.188900000E+0	4.265219938E+6
1.289770000E+2	1.395684443E+1	2.400120000E+1	0.000000000E+0	9.304000000E-1	1.189400000E+0	4.261889115E+6
1.296220000E+2	1.402107698E+1	2.400130000E+1	0.000000000E+0	9.298000000E-1	1.190100000E+0	4.257399349E+6
1.302670000E+2	1.410654726E+1	2.400120000E+1	0.000000000E+0	9.293000000E-1	1.190600000E+0	4.254056433E+6
1.309110000E+2	1.418040273E+1	2.400120000E+1	0.000000000E+0	9.288000000E-1	1.191200000E+0	4.251862907E+6
1.315550000E+2	1.425634811E+1	2.400110000E+1	0.000000000E+0	9.282000000E-1	1.191900000E+0	4.249000599E+6
1.322020000E+2	1.433219945E+1	2.400080000E+1	0.000000000E+0	9.277000000E-1	1.192500000E+0	4.245422996E+6
1.328490000E+2	1.440394460E+1	2.400080000E+1	0.000000000E+0	9.272000000E-1	1.193000000E+0	4.241009292E+6
1.334930000E+2	1.447981953E+1	2.400080000E+1	0.000000000E+0	9.267000000E-1	1.193500000E+0	4.238418924E+6
1.341370000E+2	1.455557502E+1	2.400080000E+1	0.000000000E+0	9.261000000E-1	1.194100000E+0	4.235868633E+6
1.347850000E+2	1.463148192E+1	2.400080000E+1	0.000000000E+0	9.256000000E-1	1.194600000E+0	4.232307635E+6
1.354270000E+2	1.470357906E+1	2.400060000E+1	0.000000000E+0	9.250000000E-1	1.195100000E+0	4.227902987E+6
1.360770000E+2	1.478116843E+1	2.400060000E+1	0.000000000E+0	9.245000000E-1	1.195300000E+0	4.223346013E+6
1.367200000E+2	1.485872295E+1	2.400060000E+1	0.000000000E+0	9.239000000E-1	1.195600000E+0	4.221534024E+6
1.373650000E+2	1.493256089E+1	2.400050000E+1	0.000000000E+0	9.234000000E-1	1.195900000E+0	4.220078187E+6
1.380090000E+2	1.501034196E+1	2.400050000E+1	0.000000000E+0	9.230000000E-1	1.196300000E+0	4.215026285E+6
1.386530000E+2	1.508217216E+1	2.400060000E+1	0.000000000E+0	9.224000000E-1	1.196800000E+0	4.209437969E+6
1.392960000E+2	1.515023528E+1	2.400050000E+1	0.000000000E+0	9.220000000E-1	1.197200000E+0	4.206777249E+6
1.399400000E+2	1.523579123E+1	2.400050000E+1	0.000000000E+0	9.214000000E-1	1.197800000E+0	4.203465745E+6
1.405850000E+2	1.530971755E+1	2.400050000E+1	0.000000000E+0	9.209000000E-1	1.198400000E+0	4.199182976E+6
1.412270000E+2	1.538374447E+1	2.400030000E+1	0.000000000E+0	9.204000000E-1	1.198900000E+0	4.194797634E+6
1.418750000E+2	1.543995590E+1	2.400020000E+1	0.000000000E+0	9.200000000E-1	1.199500000E+0	4.189919900E+6
1.425190000E+2	1.553125385E+1	2.400010000E+1	0.000000000E+0	9.194000000E-1	1.200200000E+0	4.187206201E+6
1.431620000E+2	1.561289439E+1	2.400020000E+1	0.000000000E+0	9.190000000E-1	1.200900000E+0	4.183464750E+6
1.438050000E+2	1.567704152E+1	2.400040000E+1	0.000000000E+0	9.186000000E-1	1.201500000E+0	4.178643793E+6
1.444500000E+2	1.575851917E+1	2.400030000E+1	0.000000000E+0	9.180000000E-1	1.202400000E+0	4.172871114E+6
1.450940000E+2	1.583044160E+1	2.400030000E+1	0.000000000E+0	9.175000000E-1	1.203000000E+0	4.170402602E+6
1.457380000E+2	1.591205243E+1	2.400040000E+1	0.000000000E+0	9.171000000E-1	1.203700000E+0	4.167003955E+6
1.463800000E+2	1.598594458E+1	2.400040000E+1	0.000000000E+0	9.167000000E-1	1.204300000E+0	4.161714652E+6
1.470240000E+2	1.606154508E+1	2.400040000E+1	0.000000000E+0	9.162000000E-1	1.205100000E+0	4.156895719E+6
1.476750000E+2	1.614140936E+1	2.400050000E+1	0.000000000E+0	9.157000000E-1	1.205700000E+0	4.153135680E+6
1.483180000E+2	1.621325914E+1	2.400070000E+1	0.000000000E+0	9.152000000E-1	1.206400000E+0	4.149368628E+6
1.489630000E+2	1.628695263E+1	2.400100000E+1	0.000000000E+0	9.148000000E-1	1.207000000E+0	4.145004833E+6
1.496120000E+2	1.636297207E+1	2.400110000E+1	0.000000000E+0	9.144000000E-1	1.207500000E+0	4.139869324E+6
1.502590000E+2	1.643684968E+1	2.400120000E+1	0.000000000E+0	9.139000000E-1	1.208200000E+0	4.133901410E+6
1.509020000E+2	1.651054014E+1	2.400130000E+1	0.000000000E+0	9.134000000E-1	1.208900000E+0	4.130741496E+6
1.515460000E+2	1.658646336E+1	2.400130000E+1	0.000000000E+0	9.130000000E-1	1.209400000E+0	4.126464521E+6
1.521900000E+2	1.666615070E+1	2.400130000E+1	0.000000000E+0	9.126000000E-1	1.209900000E+0	4.122179500E+6
1.528330000E+2	1.673583595E+1	2.400130000E+1	0.000000000E+0	9.121000000E-1	1.210500000E+0	4.116191178E+6
1.534780000E+2	1.681352428E+1	2.400130000E+1	0.000000000E+0	9.117000000E-1	1.211000000E+0	4.111726663E+6
1.541280000E+2	1.688749720E+1	2.400110000E+1	0.000000000E+0	9.112000000E-1	1.211600000E+0	4.107592730E+6
1.547710000E+2	1.696505639E+1	2.400110000E+1	0.000000000E+0	9.108000000E-1	1.212100000E+0	4.102776259E+6
1.554150000E+2	1.703886642E+1	2.400100000E+1	0.000000000E+0	9.105000000E-1	1.212800000E+0	4.096912387E+6
1.560590000E+2	1.709343644E+1	2.400100000E+1	0.000000000E+0	9.100000000E-1	1.213300000E+0	4.091068629E+6
1.567020000E+2	1.719056120E+1	2.400110000E+1	0.000000000E+0	9.096000000E-1	1.213900000E+0	4.087538415E+6
1.573500000E+2	1.726243065E+1	2.400110000E+1	0.000000000E+0	9.092000000E-1	1.214600000E+0	4.082333394E+6
1.579970000E+2	1.733042441E+1	2.400110000E+1	0.000000000E+0	9.088000000E-1	1.215200000E+0	4.077312466E+6
1.586410000E+2	1.741184314E+1	2.400110000E+1	0.000000000E+0	9.084000000E-1	1.215800000E+0	4.071246624E+6
1.592850000E+2	1.748984282E+1	2.400100000E+1	0.000000000E+0	9.080000000E-1	1.216400000E+0	4.066124737E+6
1.599270000E+2	1.756756214E+1	2.400110000E+1	0.000000000E+0	9.076000000E-1	1.217100000E+0	4.061604428E+6
1.605720000E+2	1.763935861E+1	2.400100000E+1	0.000000000E+0	9.072000000E-1	1.217600000E+0	4.056176066E+6
1.612150000E+2	1.770925914E+1	2.400100000E+1	0.000000000E+0	9.068000000E-1	1.218100000E+0	4.050375739E+6
1.618580000E+2	1.779293886E+1	2.400090000E+1	0.000000000E+0	9.064000000E-1	1.218700000E+0	4.043497884E+6
1.625060000E+2	1.786654235E+1	2.400080000E+1	0.000000000E+0	9.061000000E-1	1.219200000E+0	4.039666654E+6
1.631490000E+2	1.794036468E+1	2.400060000E+1	0.000000000E+0	9.056000000E-1	1.219900000E+0	4.034408166E+6
1.637950000E+2	1.801410133E+1	2.400040000E+1	0.000000000E+0	9.052000000E-1	1.220500000E+0	4.027642111E+6
1.644400000E+2	1.808979930E+1	2.400040000E+1	0.000000000E+0	9.049000000E-1	1.221000000E+0	4.021111208E+6
1.650830000E+2	1.815788334E+1	2.400050000E+1	0.000000000E+0	9.045000000E-1	1.221600000E+0	4.016559146E+6
1.657270000E+2	1.824339095E+1	2.400070000E+1	0.000000000E+0	9.041000000E-1	1.222200000E+0	4.010533979E+6
1.663710000E+2	1.831528757E+1	2.400070000E+1	0.000000000E+0	9.038000000E-1	1.222800000E+0	4.004980361E+6
1.670140000E+2	1.839094703E+1	2.400080000E+1	0.000000000E+0	9.034000000E-1	1.223500000E+0	3.998388425E+6
1.676590000E+2	1.846109063E+1	2.400100000E+1	0.000000000E+0	9.030000000E-1	1.224100000E+0	3.991394149E+6
1.683020000E+2	1.854052852E+1	2.400100000E+1	0.000000000E+0	9.027000000E-1	1.224600000E+0	3.987601840E+6
1.689460000E+2	1.861254757E+1	2.400100000E+1	0.000000000E+0	9.023000000E-1	1.225300000E+0	3.981402734E+6
1.695930000E+2	1.869001230E+1	2.400090000E+1	0.000000000E+0	9.019000000E-1	1.225800000E+0	3.973945201E+6
1.702370000E+2	1.876202063E+1	2.400080000E+1	0.000000000E+0	9.015000000E-1	1.226400000E+0	3.966811661E+6
1.708800000E+2	1.883577010E+1	2.400090000E+1	0.000000000E+0	9.012000000E-1	1.226900000E+0	3.961687771E+6
1.715250000E+2	1.891546390E+1	2.400080000E+1	0.000000000E+0	9.008000000E-1	1.227500000E+0	3.954710732E+6
1.721720000E+2	1.898327403E+1	2.400070000E+1	0.000000000E+0	9.005000000E-1	1.228100000E+0	3.947597245E+6
1.728170000E+2	1.906289766E+1	2.400070000E+1	0.000000000E+0	9.001000000E-1	1.228700000E+0	3.939706641E+6
1.734610000E+2	1.914077781E+1	2.400050000E+1	0.000000000E+0	8.997000000E-1	1.229400000E+0	3.933972340E+6
1.741060000E+2	1.921445365E+1	2.400050000E+1	0.000000000E+0	8.994000000E-1	1.230000000E+0	3.926842895E+6
1.747570000E+2	1.929391264E+1	2.400050000E+1	0.000000000E+0	8.990000000E-1	1.230600000E+0	3.919939688E+6
1.754030000E+2	1.936778053E+1	2.400060000E+1	0.000000000E+0	8.987000000E-1	1.231100000E+0	3.911674474E+6
1.760510000E+2	1.944159649E+1	2.400060000E+1	0.000000000E+0	8.983000000E-1	1.231800000E+0	3.904299638E+6
1.766950000E+2	1.951936875E+1	2.400060000E+1	0.000000000E+0	8.979000000E-1	1.232400000E+0	3.898627267E+6
1.773370000E+2	1.958352543E+1	2.400060000E+1	0.000000000E+0	8.976000000E-1	1.233000000E+0	3.891184769E+6
1.779810000E+2	1.967277840E+1	2.400050000E+1	0.000000000E+0	8.973000000E-1	1.233400000E+0	3.882701092E+6
1.786290000E+2	1.974655557E+1	2.400040000E+1	0.000000000E+0	8.969000000E-1	1.234000000E+0	3.873614300E+6
1.792740000E+2	1.982019625E+1	2.400020000E+1	0.000000000E+0	8.966000000E-1	1.234500000E+0	3.867251043E+6
1.799180000E+2	1.989408937E+1	2.400000000E+1	0.000000000E+0	8.962000000E-1	1.235100000E+0	3.859320448E+6
1.805630000E+2	1.997166780E+1	2.399990000E+1	0.000000000E+0	8.959000000E-1	1.235700000E+0	3.850396640E+6
1.812070000E+2	2.004565988E+1	2.399980000E+1	0.000000000E+0	8.956000000E-1	1.236200000E+0	3.840668072E+6
1.818510000E+2	2.011926178E+1	2.399990000E+1	0.000000000E+0	8.952000000E-1	1.236800000E+0	3.834119369E+6
1.824960000E+2	2.019483245E+1	2.399990000E+1	0.000000000E+0	8.949000000E-1	1.237400000E+0	3.825659087E+6
1.831400000E+2	2.027062164E+1	2.399980000E+1	0.000000000E+0	8.945000000E-1	1.238100000E+0	3.816653202E+6
1.837930000E+2	2.034632497E+1	2.399990000E+1	0.000000000E+0	8.941000000E-1	1.238700000E+0	3.806690634E+6
1.844370000E+2	2.040288602E+1	2.399980000E+1	0.000000000E+0	8.938000000E-1	1.239300000E+0	3.797551463E+6
1.850820000E+2	2.049403315E+1	2.399970000E+1	0.000000000E+0	8.935000000E-1	1.239800000E+0	3.789822940E+6
1.857260000E+2	2.057166014E+1	2.399980000E+1	0.000000000E+0	8.932000000E-1	1.240400000E+0	3.780415265E+6
1.863680000E+2	2.063950441E+1	2.399970000E+1	0.000000000E+0	8.929000000E-1	1.241000000E+0	3.769869654E+6
1.870110000E+2	2.071717105E+1	2.399950000E+1	0.000000000E+0	8.925000000E-1	1.241700000E+0	3.759631189E+6
1.876590000E+2	2.079469257E+1	2.399940000E+1	0.000000000E+0	8.922000000E-1	1.242300000E+0	3.752747968E+6
1.883020000E+2	2.086867062E+1	2.399940000E+1	0.000000000E+0	8.919000000E-1	1.242800000E+0	3.741597388E+6
1.889450000E+2	2.094625700E+1	2.399940000E+1	0.000000000E+0	8.916000000E-1	1.243400000E+0	3.730391854E+6
1.895890000E+2	2.102388423E+1	2.399940000E+1	0.000000000E+0	8.913000000E-1	1.243900000E+0	3.719186832E+6
1.902320000E+2	2.109184809E+1	2.399950000E+1	0.000000000E+0	8.909000000E-1	1.244500000E+0	3.708444794E+6
1.908770000E+2	2.116169587E+1	2.399960000E+1	0.000000000E+0	8.906000000E-1	1.245100000E+0	3.697662217E+6
1.915240000E+2	2.124514313E+1	2.399980000E+1	0.000000000E+0	8.903000000E-1	1.245700000E+0	3.685849317E+6
1.921680000E+2	2.132282400E+1	2.399990000E+1	0.000000000E+0	8.900000000E-1	1.246300000E+0	3.673179290E+6
1.928120000E+2	2.139643774E+1	2.399980000E+1	0.000000000E+0	8.897000000E-1	1.246800000E+0	3.660758688E+6
1.934560000E+2	2.146650018E+1	2.399980000E+1	0.000000000E+0	8.894000000E-1	1.247500000E+0	3.649702743E+6
1.940990000E+2	2.154601948E+1	2.399980000E+1	0.000000000E+0	8.891000000E-1	1.248100000E+0	3.637702615E+6
1.947420000E+2	2.162175072E+1	2.400000000E+1	0.000000000E+0	8.887000000E-1	1.248700000E+0	3.624202322E+6
1.953870000E+2	2.169929772E+1	2.400000000E+1	0.000000000E+0	8.884000000E-1	1.249200000E+0	3.610829396E+6
1.960300000E+2	2.176916060E+1	2.400010000E+1	0.000000000E+0	8.881000000E-1	1.249800000E+0	3.598504073E+6
1.966760000E+2	2.184686537E+1	2.400010000E+1	0.000000000E+0	8.878000000E-1	1.250500000E+0	3.585039468E+6
1.973190000E+2	2.192050351E+1	2.400010000E+1	0.000000000E+0	8.875000000E-1	1.251300000E+0	3.571153859E+6
1.979620000E+2	2.199439385E+1	2.400000000E+1	0.000000000E+0	8.872000000E-1	1.251800000E+0	3.556633354E+6
1.986040000E+2	2.205457507E+1	2.399990000E+1	0.000000000E+0	8.869000000E-1	1.252300000E+0	3.542008921E+6
1.992550000E+2	2.214577903E+1	2.399980000E+1	0.000000000E+0	8.866000000E-1	1.252900000E+0	3.529185669E+6
1.998980000E+2	2.221957226E+1	2.399980000E+1	0.000000000E+0	8.863000000E-1	1.253500000E+0	3.514338857E+6
2.005430000E+2	2.228920640E+1	2.399980000E+1	0.000000000E+0	8.860000000E-1	1.254000000E+0	3.499828993E+6
2.011870000E+2	2.236873487E+1	2.399980000E+1	0.000000000E+0	8.857000000E-1	1.254500000E+0	3.484148689E+6
2.018310000E+2	2.244828710E+1	2.400010000E+1	0.000000000E+0	8.854000000E-1	1.255100000E+0	3.470803924E+6
2.024740000E+2	2.252024101E+1	2.399990000E+1	0.000000000E+0	8.851000000E-1	1.255700000E+0	3.456415554E+6
2.031170000E+2	2.259959583E+1	2.400000000E+1	0.000000000E+0	8.848000000E-1	1.256300000E+0	3.440622936E+6
2.037620000E+2	2.266584332E+1	2.400010000E+1	0.000000000E+0	8.845000000E-1	1.256900000E+0	3.424278840E+6
2.044050000E+2	2.274916653E+1	2.400030000E+1	0.000000000E+0	8.842000000E-1	1.257400000E+0	3.410236051E+6
2.050490000E+2	2.282101352E+1	2.400030000E+1	0.000000000E+0	8.839000000E-1	1.258100000E+0	3.395331664E+6
2.056940000E+2	2.288886263E+1	2.400030000E+1	0.000000000E+0	8.836000000E-1	1.258600000E+0	3.380428371E+6
2.063370000E+2	2.297431025E+1	2.400030000E+1	0.000000000E+0	8.833000000E-1	1.259300000E+0	3.364059595E+6
2.069800000E+2	2.303641131E+1	2.400020000E+1	0.000000000E+0	8.830000000E-1	1.259800000E+0	3.348485042E+6
2.076230000E+2	2.311985328E+1	2.400010000E+1	0.000000000E+0	8.827000000E-1	1.260400000E+0	3.334151435E+6
2.082670000E+2	2.319350983E+1	2.400010000E+1	0.000000000E+0	8.824000000E-1	1.261000000E+0	3.318814961E+6
2.089140000E+2	2.327111888E+1	2.400000000E+1	0.000000000E+0	8.821000000E-1	1.261700000E+0	3.302492268E+6
2.095570000E+2	2.334259283E+1	2.399990000E+1	0.000000000E+0	8.818000000E-1	1.262200000E+0	3.285899567E+6
2.102050000E+2	2.341430199E+1	2.399970000E+1	0.000000000E+0	8.816000000E-1	1.262800000E+0	3.271677288E+6
2.108520000E+2	2.348642374E+1	2.399970000E+1	0.000000000E+0	8.812000000E-1	1.263400000E+0	3.255919894E+6
2.114950000E+2	2.357169745E+1	2.399950000E+1	0.000000000E+0	8.810000000E-1	1.263900000E+0	3.240392091E+6
2.121390000E+2	2.364346138E+1	2.399950000E+1	0.000000000E+0	8.807000000E-1	1.264600000E+0	3.223114948E+6
2.127840000E+2	2.370946271E+1	2.399970000E+1	0.000000000E+0	8.804000000E-1	1.265200000E+0	3.207862618E+6
2.134280000E+2	2.379294895E+1	2.399960000E+1	0.000000000E+0	8.801000000E-1	1.265900000E+0	3.192641806E+6
2.140740000E+2	2.386468328E+1	2.399960000E+1	0.000000000E+0	8.798000000E-1	1.266500000E+0	3.177282114E+6
2.147170000E+2	2.394427196E+1	2.399970000E+1	0.000000000E+0	8.795000000E-1	1.267200000E+0	3.161091226E+6
2.153620000E+2	2.402167965E+1	2.399960000E+1	0.000000000E+0	8.792000000E-1	1.267700000E+0	3.145585661E+6
2.160040000E+2	2.409523402E+1	2.399970000E+1	0.000000000E+0	8.789000000E-1	1.268400000E+0	3.131927436E+6
2.166480000E+2	2.416531541E+1	2.399970000E+1	0.000000000E+0	8.787000000E-1	1.269000000E+0	3.115908712E+6
2.172920000E+2	2.424483846E+1	2.399990000E+1	0.000000000E+0	8.784000000E-1	1.269600000E+0	3.100409389E+6
2.179360000E+2	2.431833767E+1	2.399980000E+1	0.000000000E+0	8.781000000E-1	1.270300000E+0	3.084001472E+6
2.185840000E+2	2.439617664E+1	2.399990000E+1	0.000000000E+0	8.779000000E-1	1.270900000E+0	3.070130046E+6
2.192270000E+2	2.446979103E+1	2.399990000E+1	0.000000000E+0	8.776000000E-1	1.271500000E+0	3.055199162E+6
2.198750000E+2	2.453558326E+1	2.400010000E+1	0.000000000E+0	8.773000000E-1	1.272100000E+0	3.039243073E+6
2.205190000E+2	2.462102690E+1	2.400010000E+1	0.000000000E+0	8.770000000E-1	1.272800000E+0	3.023243726E+6
2.211620000E+2	2.469463670E+1	2.400010000E+1	0.000000000E+0	8.768000000E-1	1.273400000E+0	3.008202249E+6
2.218120000E+2	2.477040694E+1	2.400010000E+1	0.000000000E+0	8.765000000E-1	1.273900000E+0	2.994379879E+6
2.224560000E+2	2.484608267E+1	2.400030000E+1	0.000000000E+0	8.762000000E-1	1.274600000E+0	2.979501233E+6
2.231040000E+2	2.492162168E+1	2.400020000E+1	0.000000000E+0	8.760000000E-1	1.275100000E+0	2.963962282E+6
2.237490000E+2	2.499707463E+1	2.400030000E+1	0.000000000E+0	8.757000000E-1	1.275800000E+0	2.948160752E+6
2.243940000E+2	2.506893711E+1	2.400030000E+1	0.000000000E+0	8.755000000E-1	1.276400000E+0	2.935679993E+6
2.250380000E+2	2.514859213E+1	2.400030000E+1	0.000000000E+0	8.752000000E-1	1.277000000E+0	2.922515406E+6
2.256800000E+2	2.521834051E+1	2.400040000E+1	0.000000000E+0	8.749000000E-1	1.277600000E+0	2.906776554E+6
2.263230000E+2	2.529589807E+1	2.400050000E+1	0.000000000E+0	8.747000000E-1	1.278400000E+0	2.892191116E+6
2.269670000E+2	2.536000314E+1	2.400040000E+1	0.000000000E+0	8.744000000E-1	1.279000000E+0	2.878612373E+6
2.276120000E+2	2.544880428E+1	2.400040000E+1	0.000000000E+0	8.742000000E-1	1.279700000E+0	2.864823334E+6
2.282540000E+2	2.552259100E+1	2.400040000E+1	0.000000000E+0	8.739000000E-1	1.280300000E+0	2.850482716E+6
2.288980000E+2	2.559441735E+1	2.400040000E+1	0.000000000E+0	8.736000000E-1	1.281000000E+0	2.835859392E+6
2.295430000E+2	2.566614933E+1	2.400040000E+1	0.000000000E+0	8.734000000E-1	1.281600000E+0	2.821868675E+6
2.301870000E+2	2.574553740E+1	2.400060000E+1	0.000000000E+0	8.732000000E-1	1.282200000E+0	2.809387455E+6
2.308340000E+2	2.582318446E+1	2.400080000E+1	0.000000000E+0	8.729000000E-1	1.282900000E+0	2.796497095E+6
2.314820000E+2	2.589882893E+1	2.400100000E+1	0.000000000E+0	8.727000000E-1	1.283500000E+0	2.782325442E+6
2.321260000E+2	2.597054610E+1	2.400110000E+1	0.000000000E+0	8.724000000E-1	1.284200000E+0	2.768177736E+6
2.327710000E+2	2.604439759E+1	2.400120000E+1	0.000000000E+0	8.721000000E-1	1.284800000E+0	2.756827382E+6
2.334140000E+2	2.612580289E+1	2.400130000E+1	0.000000000E+0	8.719000000E-1	1.285400000E+0	2.744407999E+6
2.340570000E+2	2.619362367E+1	2.400120000E+1	0.000000000E+0	8.716000000E-1	1.286100000E+0	2.731414028E+6
2.347060000E+2	2.627106635E+1	2.400100000E+1	0.000000000E+0	8.714000000E-1	1.286600000E+0	2.717613920E+6
2.353510000E+2	2.634851568E+1	2.400130000E+1	0.000000000E+0	8.711000000E-1	1.287200000E+0	2.705471418E+6
2.359960000E+2	2.642216475E+1	2.400140000E+1	0.000000000E+0	8.709000000E-1	1.287800000E+0	2.694430349E+6
2.366390000E+2	2.649960215E+1	2.400130000E+1	0.000000000E+0	8.706000000E-1	1.288400000E+0	2.682105603E+6
2.372840000E+2	2.656946646E+1	2.400130000E+1	0.000000000E+0	8.704000000E-1	1.289000000E+0	2.668259516E+6
2.379320000E+2	2.664884174E+1	2.400130000E+1	0.000000000E+0	8.701000000E-1	1.289700000E+0	2.656064587E+6
2.385770000E+2	2.672270361E+1	2.400120000E+1	0.000000000E+0	8.699000000E-1	1.290300000E+0	2.645848762E+6
2.392210000E+2	2.678670577E+1	2.400110000E+1	0.000000000E+0	8.697000000E-1	1.290900000E+0	2.634075722E+6
2.398640000E+2	2.687389121E+1	2.400090000E+1	0.000000000E+0	8.694000000E-1	1.291500000E+0	2.622261739E+6
2.405070000E+2	2.694359569E+1	2.400090000E+1	0.000000000E+0	8.692000000E-1	1.292000000E+0	2.610678649E+6
2.411520000E+2	2.701156015E+1	2.400100000E+1	0.000000000E+0	8.690000000E-1	1.292800000E+0	2.600799030E+6
2.417950000E+2	2.709674792E+1	2.400100000E+1	0.000000000E+0	8.687000000E-1	1.293500000E+0	2.590033037E+6
2.424390000E+2	2.716638014E+1	2.400100000E+1	0.000000000E+0	8.685000000E-1	1.294100000E+0	2.578060946E+6
2.430880000E+2	2.724789292E+1	2.400100000E+1	0.000000000E+0	8.683000000E-1	1.294600000E+0	2.567026650E+6
2.437320000E+2	2.732151343E+1	2.400100000E+1	0.000000000E+0	8.680000000E-1	1.295300000E+0	2.556929682E+6
2.443770000E+2	2.739709001E+1	2.400110000E+1	0.000000000E+0	8.678000000E-1	1.295900000E+0	2.547000917E+6
2.450200000E+2	2.747048771E+1	2.400110000E+1	0.000000000E+0	8.675000000E-1	1.296600000E+0	2.537209935E+6
2.456630000E+2	2.754404407E+1	2.400120000E+1	0.000000000E+0	8.673000000E-1	1.297100000E+0	2.526709677E+6
2.463080000E+2	2.762348844E+1	2.400130000E+1	0.000000000E+0	8.671000000E-1	1.297700000E+0	2.515391417E+6
2.469510000E+2	2.769523560E+1	2.400130000E+1	0.000000000E+0	8.668000000E-1	1.298200000E+0	2.507967471E+6
2.475960000E+2	2.777113242E+1	2.400120000E+1	0.000000000E+0	8.666000000E-1	1.298700000E+0	2.499137472E+6
2.482420000E+2	2.783878412E+1	2.400120000E+1	0.000000000E+0	8.664000000E-1	1.299200000E+0	2.488170245E+6
2.488890000E+2	2.791809458E+1	2.400100000E+1	0.000000000E+0	8.662000000E-1	1.299700000E+0	2.477939967E+6
2.495390000E+2	2.799977383E+1	2.400090000E+1	0.000000000E+0	8.659000000E-1	1.300500000E+0	2.470240719E+6
2.501830000E+2	2.807305640E+1	2.400090000E+1	0.000000000E+0	8.657000000E-1	1.301100000E+0	2.461930711E+6
2.508310000E+2	2.814675909E+1	2.400110000E+1	0.000000000E+0	8.655000000E-1	1.301800000E+0	2.452294839E+6
2.514740000E+2	2.822429015E+1	2.400100000E+1	0.000000000E+0	8.653000000E-1	1.302400000E+0	2.442645027E+6
2.521210000E+2	2.829598991E+1	2.400100000E+1	0.000000000E+0	8.650000000E-1	1.303000000E+0	2.434081592E+6
2.527650000E+2	2.836978013E+1	2.400080000E+1	0.000000000E+0	8.648000000E-1	1.303600000E+0	2.427412411E+6
2.534090000E+2	2.842966645E+1	2.400060000E+1	0.000000000E+0	8.646000000E-1	1.304400000E+0	2.418955684E+6
2.540530000E+2	2.852079704E+1	2.400060000E+1	0.000000000E+0	8.643000000E-1	1.305300000E+0	2.409114485E+6
2.546990000E+2	2.859400832E+1	2.400070000E+1	0.000000000E+0	8.641000000E-1	1.305900000E+0	2.400947944E+6
2.553470000E+2	2.866209771E+1	2.400060000E+1	0.000000000E+0	8.639000000E-1	1.306400000E+0	2.394908975E+6
2.559910000E+2	2.874517452E+1	2.400070000E+1	0.000000000E+0	8.637000000E-1	1.307000000E+0	2.387711220E+6
2.566390000E+2	2.882069158E+1	2.400090000E+1	0.000000000E+0	8.634000000E-1	1.307800000E+0	2.379458980E+6
2.572890000E+2	2.889636702E+1	2.400090000E+1	0.000000000E+0	8.632000000E-1	1.308500000E+0	2.370858441E+6
2.579320000E+2	2.897015131E+1	2.400100000E+1	0.000000000E+0	8.630000000E-1	1.309200000E+0	2.365135242E+6
2.585760000E+2	2.904170720E+1	2.400100000E+1	0.000000000E+0	8.628000000E-1	1.309900000E+0	2.358475594E+6
2.592200000E+2	2.912117240E+1	2.400110000E+1	0.000000000E+0	8.625000000E-1	1.310600000E+0	2.351230976E+6
2.598700000E+2	2.919464761E+1	2.400110000E+1	0.000000000E+0	8.623000000E-1	1.311200000E+0	2.344028153E+6
2.605130000E+2	2.927202573E+1	2.400130000E+1	0.000000000E+0	8.621000000E-1	1.311900000E+0	2.337177478E+6
2.611580000E+2	2.934772364E+1	2.400150000E+1	0.000000000E+0	8.619000000E-1	1.312600000E+0	2.331909126E+6
2.618000000E+2	2.941556847E+1	2.400160000E+1	0.000000000E+0	8.617000000E-1	1.313100000E+0	2.326026095E+6
2.624450000E+2	2.950071598E+1	2.400150000E+1	0.000000000E+0	8.614000000E-1	1.313800000E+0	2.318904983E+6
2.630880000E+2	2.957042939E+1	2.400160000E+1	0.000000000E+0	8.612000000E-1	1.314300000E+0	2.312604833E+6
2.637310000E+2	2.964180235E+1	2.400150000E+1	0.000000000E+0	8.610000000E-1	1.315100000E+0	2.307848744E+6
2.643770000E+2	2.971932912E+1	2.400150000E+1	0.000000000E+0	8.607000000E-1	1.315800000E+0	2.302939622E+6
2.650190000E+2	2.978713177E+1	2.400150000E+1	0.000000000E+0	8.606000000E-1	1.316500000E+0	2.297571340E+6
2.656640000E+2	2.986842375E+1	2.400140000E+1	0.000000000E+0	8.603000000E-1	1.317100000E+0	2.291088617E+6
2.663100000E+2	2.994220939E+1	2.400140000E+1	0.000000000E+0	8.601000000E-1	1.317800000E+0	2.285904508E+6
2.669540000E+2	3.001942475E+1	2.400130000E+1	0.000000000E+0	8.599000000E-1	1.318600000E+0	2.281635995E+6
2.675970000E+2	3.009118313E+1	2.400130000E+1	0.000000000E+0	8.597000000E-1	1.319200000E+0	2.276136290E+6
2.682410000E+2	3.016876553E+1	2.400120000E+1	0.000000000E+0	8.595000000E-1	1.320000000E+0	2.270701413E+6
2.688850000E+2	3.024420447E+1	2.400130000E+1	0.000000000E+0	8.593000000E-1	1.320700000E+0	2.265883606E+6
2.695300000E+2	3.031177580E+1	2.400120000E+1	0.000000000E+0	8.591000000E-1	1.321400000E+0	2.262360933E+6
2.701750000E+2	3.039510177E+1	2.400120000E+1	0.000000000E+0	8.589000000E-1	1.322000000E+0	2.257387295E+6
2.708220000E+2	3.046880667E+1	2.400110000E+1	0.000000000E+0	8.587000000E-1	1.322800000E+0	2.252420708E+6
2.714670000E+2	3.054602493E+1	2.400120000E+1	0.000000000E+0	8.585000000E-1	1.323400000E+0	2.247330500E+6
2.721110000E+2	3.062168165E+1	2.400120000E+1	0.000000000E+0	8.583000000E-1	1.324000000E+0	2.244949138E+6
2.727540000E+2	3.069329870E+1	2.400120000E+1	0.000000000E+0	8.581000000E-1	1.324800000E+0	2.241668481E+6
2.733970000E+2	3.076869866E+1	2.400120000E+1	0.000000000E+0	8.579000000E-1	1.325400000E+0	2.237192551E+6
2.740420000E+2	3.084423150E+1	2.400110000E+1	0.000000000E+0	8.576000000E-1	1.326100000E+0	2.232647899E+6
2.746850000E+2	3.091960219E+1	2.400110000E+1	0.000000000E+0	8.574000000E-1	1.326700000E+0	2.229321468E+6
2.753290000E+2	3.099132978E+1	2.400120000E+1	0.000000000E+0	8.572000000E-1	1.327400000E+0	2.228620673E+6
2.759730000E+2	3.106846652E+1	2.400130000E+1	0.000000000E+0	8.570000000E-1	1.328000000E+0	2.226542684E+6
2.766230000E+2	3.114228050E+1	2.400130000E+1	0.000000000E+0	8.567000000E-1	1.328700000E+0	2.222594604E+6
2.772710000E+2	3.121782869E+1	2.400120000E+1	0.000000000E+0	8.565000000E-1	1.329300000E+0	2.218504118E+6
2.779160000E+2	3.129531321E+1	2.400110000E+1	0.000000000E+0	8.563000000E-1	1.330000000E+0	2.216713065E+6
2.785600000E+2	3.137085730E+1	2.400110000E+1	0.000000000E+0	8.560000000E-1	1.330700000E+0	2.213985343E+6
2.792040000E+2	3.144415772E+1	2.400100000E+1	0.000000000E+0	8.558000000E-1	1.331300000E+0	2.214545691E+6
2.798470000E+2	3.145958782E+1	2.400100000E+1	0.000000000E+0	8.551000000E-1	1.331900000E+0	2.212891228E+6
2.804900000E+2	3.146807391E+1	2.400100000E+1	0.000000000E+0	8.539000000E-1	1.332300000E+0	2.212838609E+6
2.811340000E+2	3.146785481E+1	2.400090000E+1	0.000000000E+0	8.529000000E-1	1.332500000E+0	2.214159704E+6
2.817790000E+2	3.146798121E+1	2.400090000E+1	0.000000000E+0	8.518000000E-1	1.332700000E+0	2.214270637E+6
2.824230000E+2	3.146804020E+1	2.400090000E+1	0.000000000E+0	8.507000000E-1	1.332700000E+0	2.213553843E+6
2.830660000E+2	3.146803178E+1	2.400090000E+1	0.000000000E+0	8.497000000E-1	1.332700000E+0	2.212524919E+6
2.837090000E+2	3.146803178E+1	2.400080000E+1	0.000000000E+0	8.487000000E-1	1.332800000E+0	2.213543577E+6
2.843530000E+2	3.146804020E+1	2.400070000E+1	0.000000000E+0	8.479000000E-1	1.332800000E+0	2.213839632E+6
2.849970000E+2	3.146806548E+1	2.400070000E+1	0.000000000E+0	8.471000000E-1	1.332700000E+0	2.213522015E+6
