201505_cell9.061 Wed, May 27, 2015 1:10:07 AM Tozer
Magnet: Cell 9
Trigger spacing of 0.000000 on column #0
Scale Factors:	1.000000000E+0	1.000000000E+0	1.000000000E+0	1.000000000E+0	1.000000000E+0	1.000000000E+0	1.000000000E+0
CeCu2Ge2
f=428
LO1=361
LO2=70
Timestamp_061  	Field_061      	Sorb_T_061     	1kpot_T_061    	He3_T_061      	Probe_T_061    	Freq_061
1.910000000E-1	1.694864800E-5	2.399860000E+1	1.464000000E+0	1.037300000E+0	1.048700000E+0	4.165175350E+6
4.240000000E-1	5.084594400E-5	2.399870000E+1	1.464200000E+0	1.037300000E+0	1.048700000E+0	4.165117835E+6
1.067000000E+0	5.932026800E-5	2.399880000E+1	1.464500000E+0	1.037300000E+0	1.048600000E+0	4.165380782E+6
1.712000000E+0	3.389729600E-5	2.399880000E+1	1.464900000E+0	1.037300000E+0	1.048500000E+0	4.164984178E+6
2.356000000E+0	4.237162000E-5	2.399880000E+1	1.465400000E+0	1.037200000E+0	1.048500000E+0	4.164786502E+6
3.000000000E+0	8.474324000E-6	2.399860000E+1	1.466500000E+0	1.037200000E+0	1.048500000E+0	4.165018711E+6
3.644000000E+0	3.389729600E-5	2.399860000E+1	1.467200000E+0	1.037200000E+0	1.048500000E+0	4.164897944E+6
4.288000000E+0	6.779459200E-5	2.399870000E+1	1.467400000E+0	1.037200000E+0	1.048500000E+0	4.165393950E+6
4.931000000E+0	5.084594400E-5	2.399870000E+1	1.467500000E+0	1.037200000E+0	1.048500000E+0	4.164832683E+6
5.576000000E+0	8.474324000E-6	2.399880000E+1	1.467400000E+0	1.037200000E+0	1.048400000E+0	4.164950544E+6
6.220000000E+0	4.237162000E-5	2.399890000E+1	1.467400000E+0	1.037200000E+0	1.048400000E+0	4.164635697E+6
6.863000000E+0	1.694864800E-5	2.399880000E+1	1.468000000E+0	1.037200000E+0	1.048400000E+0	4.165167600E+6
7.513000000E+0	3.389729600E-5	2.399890000E+1	1.468900000E+0	1.037200000E+0	1.048300000E+0	4.164158320E+6
8.160000000E+0	2.542297200E-5	2.399880000E+1	1.469200000E+0	1.037200000E+0	1.048300000E+0	4.164347817E+6
8.804000000E+0	5.932026800E-5	2.399890000E+1	1.469200000E+0	1.037200000E+0	1.048300000E+0	4.164442093E+6
9.447000000E+0	3.389729600E-5	2.399890000E+1	1.469200000E+0	1.037100000E+0	1.048300000E+0	4.185464416E+6
1.008800000E+1	5.470176111E-2	2.399900000E+1	1.469300000E+0	1.042500000E+0	1.048400000E+0	4.257837069E+6
1.073000000E+1	1.244284957E-1	2.399910000E+1	1.469900000E+0	1.050800000E+0	1.048600000E+0	4.293933310E+6
1.137500000E+1	2.025278537E-1	2.399910000E+1	1.470200000E+0	1.058600000E+0	1.048800000E+0	4.301149339E+6
1.202300000E+1	2.743900982E-1	2.399900000E+1	1.470100000E+0	1.066900000E+0	1.049300000E+0	4.304889791E+6
1.266700000E+1	3.540825967E-1	2.399890000E+1	1.469800000E+0	1.074300000E+0	1.050100000E+0	4.308227296E+6
1.330900000E+1	4.281057532E-1	2.399890000E+1	1.469500000E+0	1.079200000E+0	1.051000000E+0	4.311349120E+6
1.395300000E+1	5.040440778E-1	2.399880000E+1	1.469100000E+0	1.085300000E+0	1.052500000E+0	4.315039556E+6
1.459700000E+1	5.762621486E-1	2.399880000E+1	1.468700000E+0	1.089900000E+0	1.054100000E+0	4.318353675E+6
1.524200000E+1	6.520987135E-1	2.399860000E+1	1.469800000E+0	1.094700000E+0	1.056400000E+0	4.320175124E+6
1.588800000E+1	7.239946873E-1	2.399860000E+1	1.470700000E+0	1.098400000E+0	1.058500000E+0	4.322435611E+6
1.653100000E+1	8.058140168E-1	2.399850000E+1	1.471200000E+0	1.102000000E+0	1.061100000E+0	4.325294447E+6
1.717600000E+1	8.795827132E-1	2.399840000E+1	1.471100000E+0	1.104700000E+0	1.063500000E+0	4.328335147E+6
1.782100000E+1	9.536140587E-1	2.399840000E+1	1.470700000E+0	1.107400000E+0	1.066300000E+0	4.331014839E+6
1.846400000E+1	1.027738563E+0	2.399840000E+1	1.470300000E+0	1.109300000E+0	1.068900000E+0	4.332662728E+6
1.910700000E+1	1.105261184E+0	2.399820000E+1	1.469600000E+0	1.111100000E+0	1.071900000E+0	4.334329798E+6
1.975000000E+1	1.179190645E+0	2.399830000E+1	1.469000000E+0	1.112300000E+0	1.074400000E+0	4.336043903E+6
2.039400000E+1	1.249238828E+0	2.399840000E+1	1.469100000E+0	1.113300000E+0	1.077000000E+0	4.338083708E+6
2.103800000E+1	1.321236018E+0	2.399830000E+1	1.470400000E+0	1.114100000E+0	1.080000000E+0	4.339667493E+6
2.168100000E+1	1.404800456E+0	2.399850000E+1	1.470900000E+0	1.114600000E+0	1.082500000E+0	4.341718458E+6
2.232900000E+1	1.474950094E+0	2.399860000E+1	1.470600000E+0	1.114900000E+0	1.085300000E+0	4.343676818E+6
2.297500000E+1	1.545260661E+0	2.399870000E+1	1.470100000E+0	1.115000000E+0	1.087700000E+0	4.345817263E+6
2.361900000E+1	1.630663691E+0	2.399890000E+1	1.469200000E+0	1.115000000E+0	1.090500000E+0	4.347500679E+6
2.426300000E+1	1.704787446E+0	2.399900000E+1	1.468300000E+0	1.114700000E+0	1.092800000E+0	4.349616030E+6
2.490600000E+1	1.782470250E+0	2.399910000E+1	1.467600000E+0	1.114400000E+0	1.095000000E+0	4.351617862E+6
2.555000000E+1	1.852551611E+0	2.399920000E+1	1.467400000E+0	1.113900000E+0	1.097500000E+0	4.353923322E+6
2.619800000E+1	1.930361293E+0	2.399920000E+1	1.466900000E+0	1.113300000E+0	1.099600000E+0	4.356587192E+6
2.684000000E+1	2.008238636E+0	2.399940000E+1	1.465600000E+0	1.112600000E+0	1.102000000E+0	4.358799326E+6
2.748400000E+1	2.078285758E+0	2.399930000E+1	1.464200000E+0	1.111800000E+0	1.103900000E+0	4.361584431E+6
2.813200000E+1	2.154027364E+0	2.399930000E+1	1.462400000E+0	1.110900000E+0	1.106200000E+0	4.363792047E+6
2.877800000E+1	2.233938082E+0	2.399930000E+1	1.460800000E+0	1.110000000E+0	1.108000000E+0	4.366188564E+6
2.942200000E+1	2.307993057E+0	2.399940000E+1	1.458900000E+0	1.109000000E+0	1.110200000E+0	4.368873794E+6
3.006700000E+1	2.374073805E+0	2.399940000E+1	1.457200000E+0	1.108000000E+0	1.112000000E+0	4.371538567E+6
3.071400000E+1	2.459737940E+0	2.399950000E+1	1.455200000E+0	1.106900000E+0	1.114000000E+0	4.374253977E+6
3.135600000E+1	2.533597566E+0	2.399960000E+1	1.455000000E+0	1.105900000E+0	1.115600000E+0	4.377415895E+6
3.200300000E+1	2.609499271E+0	2.399970000E+1	1.454500000E+0	1.104800000E+0	1.117200000E+0	4.380121572E+6
3.264700000E+1	2.681621411E+0	2.399990000E+1	1.453200000E+0	1.103500000E+0	1.119100000E+0	4.383218899E+6
3.329000000E+1	2.763437608E+0	2.400030000E+1	1.451300000E+0	1.102300000E+0	1.120900000E+0	4.386318521E+6
3.393400000E+1	2.833262971E+0	2.400040000E+1	1.449300000E+0	1.101200000E+0	1.122400000E+0	4.389527016E+6
3.457800000E+1	2.911324832E+0	2.400050000E+1	1.447300000E+0	1.100000000E+0	1.123900000E+0	4.392581361E+6
3.522200000E+1	2.965634145E+0	2.400050000E+1	1.445400000E+0	1.098700000E+0	1.125600000E+0	4.396176470E+6
3.586700000E+1	3.061024752E+0	2.400060000E+1	1.444300000E+0	1.097500000E+0	1.127000000E+0	4.399386942E+6
3.651200000E+1	3.132815363E+0	2.400040000E+1	1.442600000E+0	1.096400000E+0	1.128500000E+0	4.403268230E+6
3.715600000E+1	3.202995765E+0	2.400060000E+1	1.440100000E+0	1.095000000E+0	1.129800000E+0	4.406610726E+6
3.779900000E+1	3.286683247E+0	2.400060000E+1	1.437700000E+0	1.093800000E+0	1.131100000E+0	4.409969136E+6
3.844300000E+1	3.362583062E+0	2.400070000E+1	1.434500000E+0	1.092500000E+0	1.132500000E+0	4.413546003E+6
3.908800000E+1	3.432567973E+0	2.400070000E+1	1.431700000E+0	1.091300000E+0	1.133700000E+0	4.417315226E+6
3.973500000E+1	3.510501063E+0	2.400090000E+1	1.428300000E+0	1.090000000E+0	1.135100000E+0	4.420642761E+6
4.037800000E+1	3.588306808E+0	2.400100000E+1	1.425600000E+0	1.088800000E+0	1.136200000E+0	4.424205209E+6
4.102200000E+1	3.664112520E+0	2.400110000E+1	1.422000000E+0	1.087400000E+0	1.137500000E+0	4.427846052E+6
4.166600000E+1	3.732283228E+0	2.400120000E+1	1.418900000E+0	1.086200000E+0	1.138600000E+0	4.431908450E+6
4.230900000E+1	3.813969189E+0	2.400120000E+1	1.415800000E+0	1.085000000E+0	1.139700000E+0	4.435923357E+6
4.295300000E+1	3.887960832E+0	2.400120000E+1	1.412800000E+0	1.083600000E+0	1.141000000E+0	4.439926315E+6
4.359600000E+1	3.965731451E+0	2.400120000E+1	1.410000000E+0	1.082400000E+0	1.142100000E+0	4.443727085E+6
4.424500000E+1	4.031926934E+0	2.400110000E+1	1.406200000E+0	1.081100000E+0	1.143200000E+0	4.447560719E+6
4.488700000E+1	4.113679606E+0	2.400120000E+1	1.402700000E+0	1.079900000E+0	1.144200000E+0	4.451593422E+6
4.553000000E+1	4.187568571E+0	2.400120000E+1	1.398500000E+0	1.078500000E+0	1.145300000E+0	4.455726327E+6
4.617500000E+1	4.265338125E+0	2.400120000E+1	1.394700000E+0	1.077200000E+0	1.146300000E+0	4.461006483E+6
4.682300000E+1	4.339167246E+0	2.400120000E+1	1.390300000E+0	1.075900000E+0	1.147400000E+0	4.465935487E+6
4.746600000E+1	4.413318090E+0	2.400120000E+1	1.386500000E+0	1.074700000E+0	1.148300000E+0	4.470149221E+6
4.810900000E+1	4.491247784E+0	2.400110000E+1	1.383700000E+0	1.073500000E+0	1.149300000E+0	4.474643526E+6
4.875800000E+1	4.565237071E+0	2.400110000E+1	1.380700000E+0	1.072200000E+0	1.150500000E+0	4.478753760E+6
4.940800000E+1	4.623575885E+0	2.400100000E+1	1.377400000E+0	1.070800000E+0	1.151600000E+0	4.483759722E+6
5.005100000E+1	4.716832886E+0	2.400090000E+1	1.373100000E+0	1.069700000E+0	1.152500000E+0	4.488160940E+6
5.069500000E+1	4.794761358E+0	2.400080000E+1	1.369000000E+0	1.068600000E+0	1.153400000E+0	4.492372388E+6
5.134000000E+1	4.860928704E+0	2.400070000E+1	1.364100000E+0	1.067300000E+0	1.154500000E+0	4.496946522E+6
5.198300000E+1	4.936823008E+0	2.400060000E+1	1.359800000E+0	1.066200000E+0	1.155400000E+0	4.501152563E+6
5.262700000E+1	5.016589212E+0	2.400050000E+1	1.354500000E+0	1.064900000E+0	1.156400000E+0	4.505660922E+6
5.327200000E+1	5.090415422E+0	2.400060000E+1	1.350000000E+0	1.063800000E+0	1.157300000E+0	4.509913717E+6
5.392300000E+1	5.170443597E+0	2.400060000E+1	1.344900000E+0	1.062600000E+0	1.158300000E+0	4.514950263E+6
5.456900000E+1	5.238354986E+0	2.400040000E+1	1.340300000E+0	1.061600000E+0	1.159200000E+0	4.518699226E+6
5.521100000E+1	5.319772039E+0	2.400030000E+1	1.334500000E+0	1.060400000E+0	1.160200000E+0	4.523526348E+6
5.585500000E+1	5.395825325E+0	2.400010000E+1	1.329500000E+0	1.059400000E+0	1.161000000E+0	4.527482153E+6
5.649900000E+1	5.465930283E+0	2.400000000E+1	1.324500000E+0	1.058500000E+0	1.161800000E+0	4.531774960E+6
5.714200000E+1	5.541788016E+0	2.400010000E+1	1.318700000E+0	1.057400000E+0	1.162800000E+0	4.535409006E+6
5.778700000E+1	5.621627618E+0	2.400000000E+1	1.313300000E+0	1.056400000E+0	1.163600000E+0	4.540399765E+6
5.843000000E+1	5.693510877E+0	2.400000000E+1	1.306900000E+0	1.055300000E+0	1.164600000E+0	4.545547941E+6
5.907500000E+1	5.771367089E+0	2.400010000E+1	1.301400000E+0	1.054500000E+0	1.165400000E+0	4.550582862E+6
5.971900000E+1	5.845350885E+0	2.400010000E+1	1.295000000E+0	1.053500000E+0	1.166300000E+0	4.554201048E+6
6.036200000E+1	5.923147017E+0	2.400000000E+1	1.291200000E+0	1.052600000E+0	1.167000000E+0	4.558889938E+6
6.101000000E+1	5.998968629E+0	2.399980000E+1	1.287400000E+0	1.051800000E+0	1.167800000E+0	4.564023916E+6
6.165700000E+1	6.072951306E+0	2.399970000E+1	1.281900000E+0	1.050800000E+0	1.168700000E+0	4.568687621E+6
6.230200000E+1	6.145154379E+0	2.399970000E+1	1.275800000E+0	1.049800000E+0	1.169600000E+0	4.573975322E+6
6.294600000E+1	6.224728154E+0	2.399990000E+1	1.270200000E+0	1.049000000E+0	1.170300000E+0	4.578047028E+6
6.358900000E+1	6.283128856E+0	2.400000000E+1	1.264400000E+0	1.048100000E+0	1.171100000E+0	4.582398587E+6
6.423300000E+1	6.366480551E+0	2.400020000E+1	1.258100000E+0	1.047100000E+0	1.171900000E+0	4.586844691E+6
6.487800000E+1	6.438656719E+0	2.400030000E+1	1.252900000E+0	1.046100000E+0	1.172800000E+0	4.591468968E+6
6.552200000E+1	6.518322030E+0	2.400040000E+1	1.247700000E+0	1.045300000E+0	1.173500000E+0	4.596363986E+6
6.616400000E+1	6.598147850E+0	2.400060000E+1	1.242000000E+0	1.044400000E+0	1.174200000E+0	4.600831622E+6
6.680800000E+1	6.673999733E+0	2.400050000E+1	1.234800000E+0	1.043400000E+0	1.175000000E+0	4.605922430E+6
6.745200000E+1	6.744098589E+0	2.400050000E+1	1.228300000E+0	1.042500000E+0	1.175700000E+0	4.610093315E+6
6.809600000E+1	6.825964838E+0	2.400060000E+1	1.221700000E+0	1.041600000E+0	1.176400000E+0	4.616318554E+6
6.874500000E+1	6.899909199E+0	2.400040000E+1	1.213800000E+0	1.040600000E+0	1.177200000E+0	4.620647049E+6
6.938900000E+1	6.973692168E+0	2.400040000E+1	1.207000000E+0	1.039600000E+0	1.177800000E+0	4.624707024E+6
7.003800000E+1	7.049668950E+0	2.400050000E+1	1.199400000E+0	1.038600000E+0	1.178500000E+0	4.628475108E+6
7.068200000E+1	7.127398960E+0	2.400070000E+1	1.192500000E+0	1.037600000E+0	1.179100000E+0	4.631912017E+6
7.132500000E+1	7.199333736E+0	2.400060000E+1	1.184100000E+0	1.036500000E+0	1.179800000E+0	4.636583872E+6
7.196900000E+1	7.275148183E+0	2.400060000E+1	1.176600000E+0	1.035500000E+0	1.180400000E+0	4.640906036E+6
7.261200000E+1	7.347251530E+0	2.400070000E+1	1.169000000E+0	1.034600000E+0	1.181000000E+0	4.645083408E+6
7.325900000E+1	7.424945775E+0	2.400080000E+1	1.160700000E+0	1.033400000E+0	1.181700000E+0	4.649772840E+6
7.390600000E+1	7.502859780E+0	2.400070000E+1	1.153600000E+0	1.032200000E+0	1.182400000E+0	4.653628783E+6
7.455400000E+1	7.574699139E+0	2.400080000E+1	1.144700000E+0	1.031200000E+0	1.183000000E+0	4.661146873E+6
7.519800000E+1	7.652612157E+0	2.400090000E+1	1.136800000E+0	1.030200000E+0	1.183500000E+0	4.664767514E+6
7.584200000E+1	7.701314941E+0	2.400110000E+1	1.127300000E+0	1.029000000E+0	1.184200000E+0	4.667293534E+6
7.648600000E+1	7.802430379E+0	2.400130000E+1	1.119000000E+0	1.028000000E+0	1.184700000E+0	4.670894124E+6
7.713700000E+1	7.880147016E+0	2.400140000E+1	1.109200000E+0	1.026700000E+0	1.185300000E+0	4.674664231E+6
7.778000000E+1	7.936828826E+0	2.400140000E+1	1.100800000E+0	1.025700000E+0	1.185900000E+0	4.678297547E+6
7.842400000E+1	8.030063893E+0	2.400150000E+1	1.091400000E+0	1.024400000E+0	1.186500000E+0	4.682376587E+6
7.906900000E+1	8.105940700E+0	2.400170000E+1	1.083500000E+0	1.023300000E+0	1.187000000E+0	4.687441533E+6
7.971100000E+1	8.173989645E+0	2.400150000E+1	1.075000000E+0	1.022200000E+0	1.187500000E+0	4.692756007E+6
8.035500000E+1	8.249865454E+0	2.400150000E+1	1.064900000E+0	1.020900000E+0	1.188100000E+0	4.697324713E+6
8.099900000E+1	8.323970284E+0	2.400150000E+1	1.056700000E+0	1.019800000E+0	1.188600000E+0	4.702328289E+6
8.164800000E+1	8.401717119E+0	2.400140000E+1	1.046800000E+0	1.018500000E+0	1.189200000E+0	4.706356133E+6
8.229800000E+1	8.483207523E+0	2.400140000E+1	1.037900000E+0	1.017400000E+0	1.189700000E+0	4.711073011E+6
8.294100000E+1	8.555396312E+0	2.400140000E+1	1.027200000E+0	1.016200000E+0	1.190200000E+0	4.714870496E+6
8.358600000E+1	8.627228827E+0	2.400130000E+1	1.017900000E+0	1.015100000E+0	1.190700000E+0	4.718600958E+6
8.423100000E+1	8.708988529E+0	2.400110000E+1	1.006900000E+0	1.013800000E+0	1.191200000E+0	4.722635012E+6
8.487500000E+1	8.780947031E+0	2.400100000E+1	0.000000000E+0	1.012800000E+0	1.191700000E+0	4.725972335E+6
8.551800000E+1	8.856657496E+0	2.400100000E+1	0.000000000E+0	1.011500000E+0	1.192300000E+0	4.730043910E+6
8.616200000E+1	8.928902944E+0	2.400090000E+1	0.000000000E+0	1.010500000E+0	1.192800000E+0	4.733657384E+6
8.680700000E+1	9.002867374E+0	2.400090000E+1	0.000000000E+0	1.009400000E+0	1.193200000E+0	4.733952559E+6
8.744900000E+1	9.082489481E+0	2.400090000E+1	0.000000000E+0	1.008200000E+0	1.193800000E+0	4.737295255E+6
8.809700000E+1	9.160391465E+0	2.400090000E+1	0.000000000E+0	1.007200000E+0	1.194300000E+0	4.742013286E+6
8.874100000E+1	9.230381591E+0	2.400110000E+1	0.000000000E+0	1.006000000E+0	1.194800000E+0	4.747633295E+6
8.938500000E+1	9.304174335E+0	2.400120000E+1	0.000000000E+0	1.004900000E+0	1.195300000E+0	4.753190202E+6
9.002700000E+1	9.383887138E+0	2.400110000E+1	0.000000000E+0	1.003800000E+0	1.195800000E+0	4.756953627E+6
9.067100000E+1	9.455815277E+0	2.400100000E+1	0.000000000E+0	1.002800000E+0	1.196200000E+0	4.759194118E+6
9.131900000E+1	9.529801079E+0	2.400090000E+1	0.000000000E+0	1.001600000E+0	1.196700000E+0	4.763139083E+6
9.196300000E+1	9.593647771E+0	2.400100000E+1	0.000000000E+0	1.000600000E+0	1.197200000E+0	4.766137633E+6
9.260500000E+1	9.685503910E+0	2.400110000E+1	0.000000000E+0	9.995000000E-1	1.197700000E+0	4.770442864E+6
9.324800000E+1	9.757336550E+0	2.400110000E+1	0.000000000E+0	9.986000000E-1	1.198200000E+0	4.774096089E+6
9.389100000E+1	9.831159011E+0	2.400100000E+1	0.000000000E+0	9.975000000E-1	1.198800000E+0	4.777601362E+6
9.453300000E+1	9.906954301E+0	2.400090000E+1	0.000000000E+0	9.966000000E-1	1.199200000E+0	4.778934091E+6
9.517800000E+1	9.980851764E+0	2.400080000E+1	0.000000000E+0	9.957000000E-1	1.199800000E+0	4.781629919E+6
9.582200000E+1	1.006068575E+1	2.400080000E+1	0.000000000E+0	9.947000000E-1	1.200300000E+0	4.782846654E+6
9.646500000E+1	1.013263396E+1	2.400080000E+1	0.000000000E+0	9.938000000E-1	1.200800000E+0	4.786010942E+6
9.710800000E+1	1.020668199E+1	2.400100000E+1	0.000000000E+0	9.929000000E-1	1.201300000E+0	4.789007388E+6
9.775100000E+1	1.028454904E+1	2.400100000E+1	0.000000000E+0	9.919000000E-1	1.201800000E+0	4.792792386E+6
9.839600000E+1	1.036224601E+1	2.400080000E+1	0.000000000E+0	9.911000000E-1	1.202300000E+0	4.794739515E+6
9.904500000E+1	1.043432723E+1	2.400080000E+1	0.000000000E+0	9.901000000E-1	1.202800000E+0	4.797625088E+6
9.969200000E+1	1.050604368E+1	2.400090000E+1	0.000000000E+0	9.891000000E-1	1.203300000E+0	4.800977163E+6
1.003360000E+2	1.058771906E+1	2.400090000E+1	0.000000000E+0	9.883000000E-1	1.203700000E+0	4.804756263E+6
1.009830000E+2	1.065772347E+1	2.400080000E+1	0.000000000E+0	9.874000000E-1	1.204200000E+0	4.807145782E+6
1.016300000E+2	1.073562027E+1	2.400060000E+1	0.000000000E+0	9.865000000E-1	1.204700000E+0	4.809645781E+6
1.022800000E+2	1.080740189E+1	2.400050000E+1	0.000000000E+0	9.857000000E-1	1.205200000E+0	4.812737952E+6
1.029250000E+2	1.088729589E+1	2.400020000E+1	0.000000000E+0	9.848000000E-1	1.205700000E+0	4.815572928E+6
1.035700000E+2	1.096114252E+1	2.399990000E+1	0.000000000E+0	9.840000000E-1	1.206100000E+0	4.818600940E+6
1.042150000E+2	1.103883319E+1	2.399960000E+1	0.000000000E+0	9.833000000E-1	1.206600000E+0	4.821225752E+6
1.048580000E+2	1.110884223E+1	2.399950000E+1	0.000000000E+0	9.824000000E-1	1.207100000E+0	4.823898351E+6
1.055020000E+2	1.118647220E+1	2.399930000E+1	0.000000000E+0	9.817000000E-1	1.207600000E+0	4.827198884E+6
1.061460000E+2	1.125081465E+1	2.399920000E+1	0.000000000E+0	9.808000000E-1	1.208100000E+0	4.829745290E+6
1.067890000E+2	1.133858815E+1	2.399920000E+1	0.000000000E+0	9.801000000E-1	1.208600000E+0	4.832072787E+6
1.074320000E+2	1.141049987E+1	2.399920000E+1	0.000000000E+0	9.793000000E-1	1.209200000E+0	4.834698805E+6
1.080760000E+2	1.148818614E+1	2.399910000E+1	0.000000000E+0	9.786000000E-1	1.209700000E+0	4.837088813E+6
1.087190000E+2	1.156400022E+1	2.399900000E+1	0.000000000E+0	9.778000000E-1	1.210300000E+0	4.839803696E+6
1.093610000E+2	1.164168494E+1	2.399890000E+1	0.000000000E+0	9.771000000E-1	1.210800000E+0	4.842853372E+6
1.100060000E+2	1.171346683E+1	2.399910000E+1	0.000000000E+0	9.763000000E-1	1.211500000E+0	4.846301473E+6
1.106480000E+2	1.178556134E+1	2.399920000E+1	0.000000000E+0	9.756000000E-1	1.212000000E+0	4.849454777E+6
1.112920000E+2	1.186334541E+1	2.399940000E+1	0.000000000E+0	9.749000000E-1	1.212500000E+0	4.851527398E+6
1.119360000E+2	1.193734369E+1	2.399960000E+1	0.000000000E+0	9.742000000E-1	1.213000000E+0	4.854226336E+6
1.125800000E+2	1.201725998E+1	2.399970000E+1	0.000000000E+0	9.735000000E-1	1.213500000E+0	4.856767306E+6
1.132230000E+2	1.208515174E+1	2.399970000E+1	0.000000000E+0	9.728000000E-1	1.214000000E+0	4.858421840E+6
1.138680000E+2	1.216277180E+1	2.399950000E+1	0.000000000E+0	9.721000000E-1	1.214500000E+0	4.860469957E+6
1.145100000E+2	1.223857906E+1	2.399940000E+1	0.000000000E+0	9.714000000E-1	1.215000000E+0	4.863582488E+6
1.151610000E+2	1.231448713E+1	2.399930000E+1	0.000000000E+0	9.707000000E-1	1.215400000E+0	4.865111742E+6
1.158040000E+2	1.238848085E+1	2.399930000E+1	0.000000000E+0	9.701000000E-1	1.215900000E+0	4.867323567E+6
1.164480000E+2	1.246616540E+1	2.399920000E+1	0.000000000E+0	9.694000000E-1	1.216400000E+0	4.869974921E+6
1.170910000E+2	1.254019143E+1	2.399930000E+1	0.000000000E+0	9.688000000E-1	1.216900000E+0	4.873667741E+6
1.177340000E+2	1.261392881E+1	2.399920000E+1	0.000000000E+0	9.681000000E-1	1.217500000E+0	4.877049205E+6
1.183780000E+2	1.267216293E+1	2.399920000E+1	0.000000000E+0	9.675000000E-1	1.218000000E+0	4.878547599E+6
1.190220000E+2	1.276356024E+1	2.399910000E+1	0.000000000E+0	9.668000000E-1	1.218500000E+0	4.881023022E+6
1.196660000E+2	1.283933570E+1	2.399900000E+1	0.000000000E+0	9.662000000E-1	1.219000000E+0	4.882846623E+6
1.203100000E+2	1.290760910E+1	2.399900000E+1	0.000000000E+0	9.656000000E-1	1.219500000E+0	4.885262522E+6
1.209530000E+2	1.298728594E+1	2.399890000E+1	0.000000000E+0	9.650000000E-1	1.220000000E+0	4.887557002E+6
1.215960000E+2	1.306895989E+1	2.399890000E+1	0.000000000E+0	9.644000000E-1	1.220500000E+0	4.890224758E+6
1.222400000E+2	1.314475737E+1	2.399880000E+1	0.000000000E+0	9.638000000E-1	1.221100000E+0	4.891655933E+6
1.228820000E+2	1.322065560E+1	2.399860000E+1	0.000000000E+0	9.631000000E-1	1.221700000E+0	4.894222033E+6
1.235300000E+2	1.329054217E+1	2.399870000E+1	0.000000000E+0	9.625000000E-1	1.222200000E+0	4.896060850E+6
1.241750000E+2	1.336452548E+1	2.399870000E+1	0.000000000E+0	9.620000000E-1	1.222700000E+0	4.898048564E+6
1.248190000E+2	1.344219902E+1	2.399860000E+1	0.000000000E+0	9.614000000E-1	1.223200000E+0	4.899687042E+6
1.254630000E+2	1.351614677E+1	2.399860000E+1	0.000000000E+0	9.608000000E-1	1.223700000E+0	4.900592232E+6
1.261100000E+2	1.359588412E+1	2.399850000E+1	0.000000000E+0	9.603000000E-1	1.224200000E+0	4.902998951E+6
1.267540000E+2	1.366776457E+1	2.399840000E+1	0.000000000E+0	9.597000000E-1	1.224800000E+0	4.903780537E+6
1.274020000E+2	1.374165051E+1	2.399850000E+1	0.000000000E+0	9.591000000E-1	1.225300000E+0	4.904493773E+6
1.280490000E+2	1.381521393E+1	2.399850000E+1	0.000000000E+0	9.585000000E-1	1.225900000E+0	4.905544883E+6
1.286930000E+2	1.389681840E+1	2.399850000E+1	0.000000000E+0	9.580000000E-1	1.226500000E+0	4.906826461E+6
1.293410000E+2	1.396899178E+1	2.399860000E+1	0.000000000E+0	9.574000000E-1	1.227100000E+0	4.908430453E+6
1.299850000E+2	1.404661576E+1	2.399880000E+1	0.000000000E+0	9.569000000E-1	1.227700000E+0	4.908985750E+6
1.306340000E+2	1.411472431E+1	2.399890000E+1	0.000000000E+0	9.564000000E-1	1.228300000E+0	4.910193228E+6
1.312800000E+2	1.419638418E+1	2.399900000E+1	0.000000000E+0	9.559000000E-1	1.228800000E+0	4.911114027E+6
1.319230000E+2	1.426842717E+1	2.399930000E+1	0.000000000E+0	9.553000000E-1	1.229500000E+0	4.912264577E+6
1.325690000E+2	1.432851737E+1	2.399940000E+1	0.000000000E+0	9.548000000E-1	1.230000000E+0	4.913344202E+6
1.332130000E+2	1.441798712E+1	2.399960000E+1	0.000000000E+0	9.542000000E-1	1.230600000E+0	4.914308103E+6
1.338580000E+2	1.449764543E+1	2.399970000E+1	0.000000000E+0	9.538000000E-1	1.231100000E+0	4.915194800E+6
1.345010000E+2	1.456380226E+1	2.399960000E+1	0.000000000E+0	9.533000000E-1	1.231600000E+0	4.915957337E+6
1.351460000E+2	1.464717442E+1	2.399960000E+1	0.000000000E+0	9.528000000E-1	1.232100000E+0	4.917200880E+6
1.357890000E+2	1.472517926E+1	2.399950000E+1	0.000000000E+0	9.522000000E-1	1.232700000E+0	4.917181625E+6
1.364320000E+2	1.479895959E+1	2.399950000E+1	0.000000000E+0	9.518000000E-1	1.233200000E+0	4.917747699E+6
1.370760000E+2	1.487260360E+1	2.399960000E+1	0.000000000E+0	9.513000000E-1	1.233700000E+0	4.917983404E+6
1.377200000E+2	1.494457090E+1	2.399950000E+1	0.000000000E+0	9.508000000E-1	1.234300000E+0	4.918441487E+6
1.383640000E+2	1.502012588E+1	2.399940000E+1	0.000000000E+0	9.502000000E-1	1.234900000E+0	4.918781758E+6
1.390070000E+2	1.509034790E+1	2.399940000E+1	0.000000000E+0	9.499000000E-1	1.235300000E+0	4.919164810E+6
1.396510000E+2	1.517189310E+1	2.399940000E+1	0.000000000E+0	9.493000000E-1	1.235900000E+0	4.919774847E+6
1.402940000E+2	1.524979795E+1	2.399940000E+1	0.000000000E+0	9.489000000E-1	1.236400000E+0	4.919794443E+6
1.409370000E+2	1.531972947E+1	2.399960000E+1	0.000000000E+0	9.484000000E-1	1.237000000E+0	4.920238476E+6
1.415810000E+2	1.539747155E+1	2.399950000E+1	0.000000000E+0	9.479000000E-1	1.237500000E+0	4.920496899E+6
1.422260000E+2	1.547517873E+1	2.399950000E+1	0.000000000E+0	9.474000000E-1	1.238100000E+0	4.920424548E+6
1.428700000E+2	1.554894119E+1	2.399950000E+1	0.000000000E+0	9.470000000E-1	1.238600000E+0	4.920608637E+6
1.435130000E+2	1.562106092E+1	2.399960000E+1	0.000000000E+0	9.465000000E-1	1.239200000E+0	4.920644524E+6
1.441570000E+2	1.569689482E+1	2.399960000E+1	0.000000000E+0	9.460000000E-1	1.239700000E+0	4.921037623E+6
1.448010000E+2	1.577450484E+1	2.399950000E+1	0.000000000E+0	9.456000000E-1	1.240200000E+0	4.921264521E+6
1.454450000E+2	1.584652015E+1	2.399950000E+1	0.000000000E+0	9.451000000E-1	1.240800000E+0	4.920860477E+6
1.460880000E+2	1.592206330E+1	2.399930000E+1	0.000000000E+0	9.446000000E-1	1.241400000E+0	4.921029990E+6
1.467320000E+2	1.598442985E+1	2.399940000E+1	0.000000000E+0	9.442000000E-1	1.242000000E+0	4.920895977E+6
1.473760000E+2	1.606987173E+1	2.399950000E+1	0.000000000E+0	9.437000000E-1	1.242500000E+0	4.921150670E+6
1.480200000E+2	1.614744271E+1	2.399960000E+1	0.000000000E+0	9.433000000E-1	1.243100000E+0	4.920817273E+6
1.486640000E+2	1.621946165E+1	2.399970000E+1	0.000000000E+0	9.429000000E-1	1.243600000E+0	4.920573837E+6
1.493120000E+2	1.629337506E+1	2.399980000E+1	0.000000000E+0	9.424000000E-1	1.244200000E+0	4.919853781E+6
1.499590000E+2	1.637497905E+1	2.399990000E+1	0.000000000E+0	9.420000000E-1	1.244800000E+0	4.919074830E+6
1.506030000E+2	1.645070110E+1	2.399990000E+1	0.000000000E+0	9.416000000E-1	1.245400000E+0	4.918568549E+6
1.512470000E+2	1.652665054E+1	2.400010000E+1	0.000000000E+0	9.411000000E-1	1.246000000E+0	4.918244276E+6
1.518910000E+2	1.659049091E+1	2.400010000E+1	0.000000000E+0	9.407000000E-1	1.246500000E+0	4.917135230E+6
1.525350000E+2	1.667196348E+1	2.400020000E+1	0.000000000E+0	9.402000000E-1	1.247100000E+0	4.916074321E+6
1.531780000E+2	1.675184414E+1	2.400030000E+1	0.000000000E+0	9.398000000E-1	1.247600000E+0	4.915950854E+6
1.538220000E+2	1.682369424E+1	2.400050000E+1	0.000000000E+0	9.394000000E-1	1.248300000E+0	4.915811673E+6
1.544660000E+2	1.689770086E+1	2.400060000E+1	0.000000000E+0	9.390000000E-1	1.248800000E+0	4.915334990E+6
1.551090000E+2	1.697544603E+1	2.400050000E+1	0.000000000E+0	9.386000000E-1	1.249400000E+0	4.914741928E+6
1.557520000E+2	1.704500029E+1	2.400060000E+1	0.000000000E+0	9.382000000E-1	1.250100000E+0	4.913660627E+6
1.563960000E+2	1.712094121E+1	2.400070000E+1	0.000000000E+0	9.378000000E-1	1.250600000E+0	4.912848520E+6
1.570400000E+2	1.719671181E+1	2.400100000E+1	0.000000000E+0	9.374000000E-1	1.251200000E+0	4.911613706E+6
1.576870000E+2	1.727436790E+1	2.400120000E+1	0.000000000E+0	9.370000000E-1	1.251800000E+0	4.911100603E+6
1.583340000E+2	1.734846963E+1	2.400130000E+1	0.000000000E+0	9.366000000E-1	1.252400000E+0	4.910535349E+6
1.589780000E+2	1.742604729E+1	2.400140000E+1	0.000000000E+0	9.362000000E-1	1.252900000E+0	4.909190782E+6
1.596250000E+2	1.749607767E+1	2.400130000E+1	0.000000000E+0	9.358000000E-1	1.253500000E+0	4.908196904E+6
1.602680000E+2	1.757569185E+1	2.400130000E+1	0.000000000E+0	9.355000000E-1	1.254100000E+0	4.907458061E+6
1.609120000E+2	1.763787819E+1	2.400130000E+1	0.000000000E+0	9.351000000E-1	1.254600000E+0	4.906888094E+6
1.615600000E+2	1.772704077E+1	2.400130000E+1	0.000000000E+0	9.347000000E-1	1.255200000E+0	4.906543745E+6
1.622030000E+2	1.779677090E+1	2.400120000E+1	0.000000000E+0	9.343000000E-1	1.255900000E+0	4.905901102E+6
1.628500000E+2	1.787467157E+1	2.400120000E+1	0.000000000E+0	9.340000000E-1	1.256400000E+0	4.905800180E+6
1.634940000E+2	1.795257102E+1	2.400110000E+1	0.000000000E+0	9.336000000E-1	1.256900000E+0	4.905337744E+6
1.641390000E+2	1.802217110E+1	2.400110000E+1	0.000000000E+0	9.332000000E-1	1.257500000E+0	4.905461921E+6
1.647830000E+2	1.810190376E+1	2.400100000E+1	0.000000000E+0	9.328000000E-1	1.258100000E+0	4.905133327E+6
1.654270000E+2	1.817783722E+1	2.400100000E+1	0.000000000E+0	9.324000000E-1	1.258600000E+0	4.904861984E+6
1.660720000E+2	1.824955718E+1	2.400100000E+1	0.000000000E+0	9.321000000E-1	1.259100000E+0	4.904473143E+6
1.667170000E+2	1.832525151E+1	2.400090000E+1	0.000000000E+0	9.317000000E-1	1.259600000E+0	4.903990006E+6
1.673600000E+2	1.840508072E+1	2.400090000E+1	0.000000000E+0	9.313000000E-1	1.260100000E+0	4.903699128E+6
1.680040000E+2	1.847480966E+1	2.400090000E+1	0.000000000E+0	9.309000000E-1	1.260700000E+0	4.904310792E+6
1.686470000E+2	1.854882578E+1	2.400100000E+1	0.000000000E+0	9.305000000E-1	1.261300000E+0	4.903602093E+6
1.692950000E+2	1.862842291E+1	2.400100000E+1	0.000000000E+0	9.302000000E-1	1.261800000E+0	4.902993977E+6
1.699380000E+2	1.870013616E+1	2.400090000E+1	0.000000000E+0	9.298000000E-1	1.262400000E+0	4.902819386E+6
1.705820000E+2	1.877208513E+1	2.400080000E+1	0.000000000E+0	9.294000000E-1	1.263000000E+0	4.902908025E+6
1.712250000E+2	1.884958108E+1	2.400040000E+1	0.000000000E+0	9.290000000E-1	1.263600000E+0	4.902415689E+6
1.718700000E+2	1.892542659E+1	2.400020000E+1	0.000000000E+0	9.287000000E-1	1.264000000E+0	4.901887549E+6
1.725140000E+2	1.900508503E+1	2.400000000E+1	0.000000000E+0	9.283000000E-1	1.264600000E+0	4.901610854E+6
1.731580000E+2	1.905564152E+1	2.399990000E+1	0.000000000E+0	9.279000000E-1	1.265100000E+0	4.901648202E+6
1.738020000E+2	1.915084150E+1	2.399980000E+1	0.000000000E+0	9.276000000E-1	1.265600000E+0	4.901214463E+6
1.744510000E+2	1.922859332E+1	2.399970000E+1	0.000000000E+0	9.272000000E-1	1.266200000E+0	4.901026080E+6
1.750940000E+2	1.929249193E+1	2.399940000E+1	0.000000000E+0	9.268000000E-1	1.266800000E+0	4.900852594E+6
1.757380000E+2	1.937988172E+1	2.399940000E+1	0.000000000E+0	9.264000000E-1	1.267300000E+0	4.900609418E+6
1.763820000E+2	1.945169334E+1	2.399950000E+1	0.000000000E+0	9.261000000E-1	1.267800000E+0	4.900955641E+6
1.770260000E+2	1.952740213E+1	2.399960000E+1	0.000000000E+0	9.257000000E-1	1.268500000E+0	4.901421975E+6
1.776700000E+2	1.960517293E+1	2.399960000E+1	0.000000000E+0	9.254000000E-1	1.269100000E+0	4.900884950E+6
1.783130000E+2	1.967520524E+1	2.399970000E+1	0.000000000E+0	9.250000000E-1	1.269600000E+0	4.900672890E+6
1.789560000E+2	1.975271982E+1	2.399980000E+1	0.000000000E+0	9.247000000E-1	1.270300000E+0	4.901349438E+6
1.796000000E+2	1.982855040E+1	2.399980000E+1	0.000000000E+0	9.243000000E-1	1.270900000E+0	4.900049066E+6
1.802430000E+2	1.990218972E+1	2.399990000E+1	0.000000000E+0	9.239000000E-1	1.271600000E+0	4.899051279E+6
1.808890000E+2	1.998183111E+1	2.399980000E+1	0.000000000E+0	9.236000000E-1	1.272100000E+0	4.898820897E+6
1.815320000E+2	2.005556090E+1	2.399990000E+1	0.000000000E+0	9.232000000E-1	1.272800000E+0	4.898810822E+6
1.821770000E+2	2.012928947E+1	2.399980000E+1	0.000000000E+0	9.229000000E-1	1.273300000E+0	4.898154379E+6
1.828210000E+2	2.019934737E+1	2.399970000E+1	0.000000000E+0	9.225000000E-1	1.274000000E+0	4.898101818E+6
1.834650000E+2	2.027481520E+1	2.399970000E+1	0.000000000E+0	9.222000000E-1	1.274600000E+0	4.898353477E+6
1.841080000E+2	2.035456822E+1	2.399970000E+1	0.000000000E+0	9.219000000E-1	1.275100000E+0	4.897482023E+6
1.847520000E+2	2.042636414E+1	2.399970000E+1	0.000000000E+0	9.215000000E-1	1.275800000E+0	4.897036192E+6
1.853960000E+2	2.049999345E+1	2.399990000E+1	0.000000000E+0	9.212000000E-1	1.276300000E+0	4.897388871E+6
1.860440000E+2	2.057788242E+1	2.400020000E+1	0.000000000E+0	9.209000000E-1	1.277000000E+0	4.896655024E+6
1.866860000E+2	2.064592949E+1	2.400020000E+1	0.000000000E+0	9.206000000E-1	1.277600000E+0	4.896978649E+6
1.873300000E+2	2.071187891E+1	2.400030000E+1	0.000000000E+0	9.202000000E-1	1.278200000E+0	4.896373495E+6
1.879780000E+2	2.080501457E+1	2.400020000E+1	0.000000000E+0	9.199000000E-1	1.278800000E+0	4.896267513E+6
1.886230000E+2	2.088096213E+1	2.400020000E+1	0.000000000E+0	9.196000000E-1	1.279400000E+0	4.895672691E+6
1.892700000E+2	2.094458322E+1	2.400020000E+1	0.000000000E+0	9.193000000E-1	1.280000000E+0	4.894941986E+6
1.899120000E+2	2.102835602E+1	2.400020000E+1	0.000000000E+0	9.190000000E-1	1.280500000E+0	4.894602812E+6
1.905560000E+2	2.110401215E+1	2.400030000E+1	0.000000000E+0	9.186000000E-1	1.281200000E+0	4.894559726E+6
1.912010000E+2	2.118153504E+1	2.400040000E+1	0.000000000E+0	9.183000000E-1	1.281900000E+0	4.894137863E+6
1.918430000E+2	2.125133906E+1	2.400040000E+1	0.000000000E+0	9.180000000E-1	1.282500000E+0	4.894369442E+6
1.924860000E+2	2.132717713E+1	2.400030000E+1	0.000000000E+0	9.177000000E-1	1.283000000E+0	4.894628151E+6
1.931300000E+2	2.140276023E+1	2.400040000E+1	0.000000000E+0	9.173000000E-1	1.283600000E+0	4.895315518E+6
1.937750000E+2	2.148059874E+1	2.400040000E+1	0.000000000E+0	9.170000000E-1	1.284100000E+0	4.894937627E+6
1.944180000E+2	2.155033857E+1	2.400050000E+1	0.000000000E+0	9.167000000E-1	1.284700000E+0	4.894803079E+6
1.950700000E+2	2.162793763E+1	2.400040000E+1	0.000000000E+0	9.164000000E-1	1.285200000E+0	4.894408139E+6
1.957130000E+2	2.170367580E+1	2.400020000E+1	0.000000000E+0	9.161000000E-1	1.285700000E+0	4.894861204E+6
1.963560000E+2	2.177951399E+1	2.400010000E+1	0.000000000E+0	9.157000000E-1	1.286300000E+0	4.894988459E+6
1.970040000E+2	2.185311955E+1	2.400000000E+1	0.000000000E+0	9.154000000E-1	1.286800000E+0	4.895149587E+6
1.976470000E+2	2.193094104E+1	2.400000000E+1	0.000000000E+0	9.151000000E-1	1.287400000E+0	4.895207877E+6
1.982900000E+2	2.200854129E+1	2.400000000E+1	0.000000000E+0	9.148000000E-1	1.288000000E+0	4.894767314E+6
1.989350000E+2	2.208220184E+1	2.400000000E+1	0.000000000E+0	9.144000000E-1	1.288700000E+0	4.894662417E+6
1.995810000E+2	2.215396802E+1	2.400000000E+1	0.000000000E+0	9.141000000E-1	1.289400000E+0	4.895009250E+6
2.002320000E+2	2.223349919E+1	2.399990000E+1	0.000000000E+0	9.138000000E-1	1.290000000E+0	4.895183182E+6
2.008750000E+2	2.230307393E+1	2.399990000E+1	0.000000000E+0	9.135000000E-1	1.290600000E+0	4.895565527E+6
2.015300000E+2	2.236138293E+1	2.399990000E+1	0.000000000E+0	9.131000000E-1	1.291200000E+0	4.895075756E+6
2.021790000E+2	2.245461639E+1	2.400000000E+1	0.000000000E+0	9.128000000E-1	1.291700000E+0	4.895342583E+6
2.028260000E+2	2.253235855E+1	2.400000000E+1	0.000000000E+0	9.125000000E-1	1.292300000E+0	4.895443758E+6
2.034700000E+2	2.259801568E+1	2.400000000E+1	0.000000000E+0	9.122000000E-1	1.292900000E+0	4.896733785E+6
2.041140000E+2	2.268366404E+1	2.400000000E+1	0.000000000E+0	9.119000000E-1	1.293500000E+0	4.897224402E+6
2.047580000E+2	2.275741341E+1	2.400020000E+1	0.000000000E+0	9.116000000E-1	1.294200000E+0	4.897298175E+6
2.054040000E+2	2.283303718E+1	2.400010000E+1	0.000000000E+0	9.113000000E-1	1.294700000E+0	4.897717113E+6
2.060470000E+2	2.290868482E+1	2.400010000E+1	0.000000000E+0	9.110000000E-1	1.295400000E+0	4.898035381E+6
2.066900000E+2	2.298623204E+1	2.400020000E+1	0.000000000E+0	9.107000000E-1	1.295900000E+0	4.898633660E+6
2.073340000E+2	2.305247293E+1	2.400010000E+1	0.000000000E+0	9.104000000E-1	1.296500000E+0	4.899138134E+6
2.079770000E+2	2.313384458E+1	2.400010000E+1	0.000000000E+0	9.101000000E-1	1.297000000E+0	4.899301880E+6
2.086220000E+2	2.320565906E+1	2.400010000E+1	0.000000000E+0	9.097000000E-1	1.297700000E+0	4.899563397E+6
2.092670000E+2	2.328123177E+1	2.400020000E+1	0.000000000E+0	9.095000000E-1	1.298200000E+0	4.899998739E+6
2.099110000E+2	2.335871231E+1	2.400010000E+1	0.000000000E+0	9.092000000E-1	1.298800000E+0	4.899598728E+6
2.105590000E+2	2.343050564E+1	2.400020000E+1	0.000000000E+0	9.088000000E-1	1.299500000E+0	4.899114337E+6
2.112020000E+2	2.350614990E+1	2.400010000E+1	0.000000000E+0	9.086000000E-1	1.300100000E+0	4.899659281E+6
2.118450000E+2	2.358384546E+1	2.400010000E+1	0.000000000E+0	9.083000000E-1	1.300800000E+0	4.899783178E+6
2.124890000E+2	2.365367464E+1	2.400010000E+1	0.000000000E+0	9.080000000E-1	1.301400000E+0	4.899953666E+6
2.131330000E+2	2.372734614E+1	2.400020000E+1	0.000000000E+0	9.077000000E-1	1.302100000E+0	4.900544736E+6
2.137790000E+2	2.380703913E+1	2.400030000E+1	0.000000000E+0	9.074000000E-1	1.302700000E+0	4.900166999E+6
2.144220000E+2	2.388259975E+1	2.400030000E+1	0.000000000E+0	9.071000000E-1	1.303500000E+0	4.899661609E+6
2.150670000E+2	2.395223749E+1	2.400040000E+1	0.000000000E+0	9.069000000E-1	1.304100000E+0	4.899514761E+6
2.157110000E+2	2.401641726E+1	2.400030000E+1	0.000000000E+0	9.066000000E-1	1.304700000E+0	4.899429620E+6
2.163530000E+2	2.410954266E+1	2.400020000E+1	0.000000000E+0	9.063000000E-1	1.305400000E+0	4.899334828E+6
2.169960000E+2	2.418136374E+1	2.400000000E+1	0.000000000E+0	9.060000000E-1	1.306000000E+0	4.899074693E+6
2.176390000E+2	2.425114786E+1	2.400000000E+1	0.000000000E+0	9.057000000E-1	1.306800000E+0	4.898905447E+6
2.182820000E+2	2.432864197E+1	2.399990000E+1	0.000000000E+0	9.055000000E-1	1.307400000E+0	4.898856019E+6
2.189270000E+2	2.440222395E+1	2.399990000E+1	0.000000000E+0	9.052000000E-1	1.308100000E+0	4.898492870E+6
2.195720000E+2	2.448377726E+1	2.400010000E+1	0.000000000E+0	9.049000000E-1	1.308800000E+0	4.897777423E+6
2.202150000E+2	2.455546427E+1	2.400020000E+1	0.000000000E+0	9.046000000E-1	1.309600000E+0	4.897317459E+6
2.208580000E+2	2.463111076E+1	2.400020000E+1	0.000000000E+0	9.044000000E-1	1.310300000E+0	4.896455353E+6
2.215010000E+2	2.470301441E+1	2.400010000E+1	0.000000000E+0	9.041000000E-1	1.310900000E+0	4.895725683E+6
2.221450000E+2	2.478441733E+1	2.400010000E+1	0.000000000E+0	9.038000000E-1	1.311600000E+0	4.895504429E+6
2.227890000E+2	2.485639390E+1	2.400010000E+1	0.000000000E+0	9.035000000E-1	1.312300000E+0	4.894778702E+6
2.234310000E+2	2.493376519E+1	2.400010000E+1	0.000000000E+0	9.033000000E-1	1.312900000E+0	4.894510741E+6
2.240750000E+2	2.500345027E+1	2.400020000E+1	0.000000000E+0	9.030000000E-1	1.313600000E+0	4.893762609E+6
2.247190000E+2	2.507927303E+1	2.400020000E+1	0.000000000E+0	9.028000000E-1	1.314200000E+0	4.892587221E+6
2.253630000E+2	2.515662255E+1	2.400030000E+1	0.000000000E+0	9.025000000E-1	1.315000000E+0	4.892282992E+6
2.260060000E+2	2.523634314E+1	2.400030000E+1	0.000000000E+0	9.022000000E-1	1.315600000E+0	4.892133043E+6
2.266500000E+2	2.530791364E+1	2.400060000E+1	0.000000000E+0	9.019000000E-1	1.316400000E+0	4.890674229E+6
2.272940000E+2	2.537987108E+1	2.400040000E+1	0.000000000E+0	9.017000000E-1	1.317000000E+0	4.889771747E+6
2.279370000E+2	2.545723929E+1	2.400040000E+1	0.000000000E+0	9.014000000E-1	1.317700000E+0	4.888987116E+6
2.285850000E+2	2.552500578E+1	2.400040000E+1	0.000000000E+0	9.011000000E-1	1.318300000E+0	4.888007732E+6
2.292280000E+2	2.560843289E+1	2.400040000E+1	0.000000000E+0	9.009000000E-1	1.319100000E+0	4.887807007E+6
2.298720000E+2	2.566453673E+1	2.400050000E+1	0.000000000E+0	9.006000000E-1	1.319800000E+0	4.886458288E+6
2.305150000E+2	2.575761050E+1	2.400060000E+1	0.000000000E+0	9.003000000E-1	1.320500000E+0	4.885578664E+6
2.311590000E+2	2.582762525E+1	2.400070000E+1	0.000000000E+0	9.001000000E-1	1.321200000E+0	4.884332804E+6
2.318020000E+2	2.590327805E+1	2.400050000E+1	0.000000000E+0	8.999000000E-1	1.321800000E+0	4.883627740E+6
2.324460000E+2	2.597676799E+1	2.400060000E+1	0.000000000E+0	8.996000000E-1	1.322500000E+0	4.882273024E+6
2.330910000E+2	2.605635145E+1	2.400070000E+1	0.000000000E+0	8.993000000E-1	1.323200000E+0	4.881352717E+6
2.337340000E+2	2.612593796E+1	2.400090000E+1	0.000000000E+0	8.991000000E-1	1.323900000E+0	4.879956298E+6
2.343820000E+2	2.620177828E+1	2.400090000E+1	0.000000000E+0	8.988000000E-1	1.324500000E+0	4.878793023E+6
2.350250000E+2	2.628101879E+1	2.400080000E+1	0.000000000E+0	8.986000000E-1	1.325300000E+0	4.877353712E+6
2.356670000E+2	2.635492258E+1	2.400080000E+1	0.000000000E+0	8.983000000E-1	1.326000000E+0	4.876434748E+6
2.363100000E+2	2.642859683E+1	2.400070000E+1	0.000000000E+0	8.981000000E-1	1.326800000E+0	4.875699025E+6
2.369530000E+2	2.650597499E+1	2.400080000E+1	0.000000000E+0	8.978000000E-1	1.327500000E+0	4.874158456E+6
2.375980000E+2	2.657581385E+1	2.400100000E+1	0.000000000E+0	8.976000000E-1	1.328200000E+0	4.872622060E+6
2.382410000E+2	2.665106159E+1	2.400100000E+1	0.000000000E+0	8.973000000E-1	1.328900000E+0	4.871598412E+6
2.388870000E+2	2.672875530E+1	2.400100000E+1	0.000000000E+0	8.971000000E-1	1.329400000E+0	4.870176795E+6
2.395310000E+2	2.679874982E+1	2.400110000E+1	0.000000000E+0	8.968000000E-1	1.330200000E+0	4.869011614E+6
2.401760000E+2	2.688206947E+1	2.400110000E+1	0.000000000E+0	8.966000000E-1	1.330800000E+0	4.867946156E+6
2.408200000E+2	2.695377400E+1	2.400120000E+1	0.000000000E+0	8.963000000E-1	1.331500000E+0	4.865933681E+6
2.414620000E+2	2.702553602E+1	2.400100000E+1	0.000000000E+0	8.960000000E-1	1.332200000E+0	4.864359949E+6
2.421050000E+2	2.708164991E+1	2.400100000E+1	0.000000000E+0	8.958000000E-1	1.332800000E+0	4.863332292E+6
2.427550000E+2	2.717848187E+1	2.400100000E+1	0.000000000E+0	8.956000000E-1	1.333500000E+0	4.861386297E+6
2.433990000E+2	2.725220522E+1	2.400110000E+1	0.000000000E+0	8.953000000E-1	1.334000000E+0	4.859588861E+6
2.440440000E+2	2.731620545E+1	2.400120000E+1	0.000000000E+0	8.951000000E-1	1.334700000E+0	4.858053172E+6
2.446920000E+2	2.740137679E+1	2.400110000E+1	0.000000000E+0	8.949000000E-1	1.335300000E+0	4.857103628E+6
2.453400000E+2	2.747516256E+1	2.400110000E+1	0.000000000E+0	8.946000000E-1	1.336000000E+0	4.855081612E+6
2.459900000E+2	2.755038957E+1	2.400110000E+1	0.000000000E+0	8.944000000E-1	1.336700000E+0	4.853376776E+6
2.466340000E+2	2.763198545E+1	2.400100000E+1	0.000000000E+0	8.941000000E-1	1.337500000E+0	4.852004982E+6
2.472770000E+2	2.769961480E+1	2.400110000E+1	0.000000000E+0	8.939000000E-1	1.338100000E+0	4.850508331E+6
2.479200000E+2	2.777712309E+1	2.400110000E+1	0.000000000E+0	8.937000000E-1	1.338700000E+0	4.848418787E+6
2.485630000E+2	2.785459575E+1	2.400090000E+1	0.000000000E+0	8.934000000E-1	1.339400000E+0	4.846517512E+6
2.492080000E+2	2.792642206E+1	2.400090000E+1	0.000000000E+0	8.932000000E-1	1.339900000E+0	4.844892168E+6
2.498560000E+2	2.800009443E+1	2.400090000E+1	0.000000000E+0	8.930000000E-1	1.340600000E+0	4.843739170E+6
2.505040000E+2	2.807566336E+1	2.400080000E+1	0.000000000E+0	8.927000000E-1	1.341200000E+0	4.840934960E+6
2.511480000E+2	2.815699262E+1	2.400070000E+1	0.000000000E+0	8.925000000E-1	1.341900000E+0	4.838586041E+6
2.517900000E+2	2.823052461E+1	2.400070000E+1	0.000000000E+0	8.923000000E-1	1.342600000E+0	4.836423231E+6
2.524350000E+2	2.830030078E+1	2.400060000E+1	0.000000000E+0	8.920000000E-1	1.343200000E+0	4.834580450E+6
2.530800000E+2	2.837586246E+1	2.400050000E+1	0.000000000E+0	8.918000000E-1	1.343800000E+0	4.832009000E+6
2.537240000E+2	2.845335408E+1	2.400040000E+1	0.000000000E+0	8.915000000E-1	1.344400000E+0	4.830152098E+6
2.543670000E+2	2.852692124E+1	2.400020000E+1	0.000000000E+0	8.913000000E-1	1.345000000E+0	4.827385420E+6
2.550120000E+2	2.860247740E+1	2.400010000E+1	0.000000000E+0	8.911000000E-1	1.345700000E+0	4.824839353E+6
2.556560000E+2	2.867020390E+1	2.400010000E+1	0.000000000E+0	8.908000000E-1	1.346300000E+0	4.822261307E+6
2.562990000E+2	2.875554104E+1	2.400010000E+1	0.000000000E+0	8.906000000E-1	1.346900000E+0	4.819655515E+6
2.569420000E+2	2.882513668E+1	2.400010000E+1	0.000000000E+0	8.904000000E-1	1.347700000E+0	4.817238998E+6
2.575910000E+2	2.890451476E+1	2.400050000E+1	0.000000000E+0	8.902000000E-1	1.348300000E+0	4.814982756E+6
2.582460000E+2	2.897075858E+1	2.400060000E+1	0.000000000E+0	8.899000000E-1	1.349000000E+0	4.812437199E+6
2.588900000E+2	2.905573310E+1	2.400050000E+1	0.000000000E+0	8.897000000E-1	1.349600000E+0	4.808708591E+6
2.595340000E+2	2.912721950E+1	2.400030000E+1	0.000000000E+0	8.895000000E-1	1.350300000E+0	4.805953601E+6
2.601830000E+2	2.920272707E+1	2.400030000E+1	0.000000000E+0	8.892000000E-1	1.351000000E+0	4.803157417E+6
2.608300000E+2	2.927073541E+1	2.400030000E+1	0.000000000E+0	8.890000000E-1	1.351600000E+0	4.799865694E+6
2.614750000E+2	2.935412448E+1	2.400050000E+1	0.000000000E+0	8.888000000E-1	1.352300000E+0	4.797218302E+6
2.621170000E+2	2.942567127E+1	2.400050000E+1	0.000000000E+0	8.886000000E-1	1.353000000E+0	4.794110043E+6
2.627620000E+2	2.950522755E+1	2.400040000E+1	0.000000000E+0	8.883000000E-1	1.353800000E+0	4.791259965E+6
2.634050000E+2	2.957679602E+1	2.400040000E+1	0.000000000E+0	8.881000000E-1	1.354400000E+0	4.788070303E+6
2.640490000E+2	2.965396189E+1	2.400030000E+1	0.000000000E+0	8.879000000E-1	1.354900000E+0	4.784442952E+6
2.646920000E+2	2.972949835E+1	2.400050000E+1	0.000000000E+0	8.877000000E-1	1.355400000E+0	4.780651941E+6
2.653360000E+2	2.980676144E+1	2.400090000E+1	0.000000000E+0	8.874000000E-1	1.356200000E+0	4.777211223E+6
2.659810000E+2	2.988083531E+1	2.400120000E+1	0.000000000E+0	8.872000000E-1	1.356900000E+0	4.773684393E+6
2.666240000E+2	2.995629852E+1	2.400140000E+1	0.000000000E+0	8.870000000E-1	1.357600000E+0	4.770152533E+6
2.672680000E+2	3.002573140E+1	2.400130000E+1	0.000000000E+0	8.868000000E-1	1.358100000E+0	4.765735115E+6
2.679110000E+2	3.010141010E+1	2.400140000E+1	0.000000000E+0	8.865000000E-1	1.358600000E+0	4.760968595E+6
2.685590000E+2	3.017682548E+1	2.400140000E+1	0.000000000E+0	8.863000000E-1	1.359200000E+0	4.757873942E+6
2.692020000E+2	3.025038417E+1	2.400150000E+1	0.000000000E+0	8.861000000E-1	1.359600000E+0	4.754110199E+6
2.698460000E+2	3.032805507E+1	2.400160000E+1	0.000000000E+0	8.858000000E-1	1.360300000E+0	4.749821108E+6
2.704890000E+2	3.038211069E+1	2.400150000E+1	0.000000000E+0	8.856000000E-1	1.360900000E+0	4.744998885E+6
2.711330000E+2	3.047312285E+1	2.400140000E+1	0.000000000E+0	8.854000000E-1	1.361600000E+0	4.740577368E+6
2.717780000E+2	3.055254118E+1	2.400150000E+1	0.000000000E+0	8.852000000E-1	1.362200000E+0	4.735343432E+6
2.724260000E+2	3.061659859E+1	2.400150000E+1	0.000000000E+0	8.849000000E-1	1.363100000E+0	4.731039959E+6
2.730710000E+2	3.069921613E+1	2.400140000E+1	0.000000000E+0	8.847000000E-1	1.363800000E+0	4.725755997E+6
2.737140000E+2	3.077291324E+1	2.400120000E+1	0.000000000E+0	8.845000000E-1	1.364600000E+0	4.720095586E+6
2.743570000E+2	3.085249186E+1	2.400120000E+1	0.000000000E+0	8.843000000E-1	1.365300000E+0	4.714473856E+6
2.750020000E+2	3.092783705E+1	2.400130000E+1	0.000000000E+0	8.841000000E-1	1.366000000E+0	4.709187231E+6
2.756490000E+2	3.100149455E+1	2.400130000E+1	0.000000000E+0	8.838000000E-1	1.366800000E+0	4.703154628E+6
2.762920000E+2	3.107508272E+1	2.400120000E+1	0.000000000E+0	8.836000000E-1	1.367500000E+0	4.696856374E+6
2.769400000E+2	3.115044729E+1	2.400110000E+1	0.000000000E+0	8.834000000E-1	1.368000000E+0	4.690531639E+6
2.775830000E+2	3.122985520E+1	2.400100000E+1	0.000000000E+0	8.832000000E-1	1.368600000E+0	4.684474978E+6
2.782270000E+2	3.129929947E+1	2.400110000E+1	0.000000000E+0	8.830000000E-1	1.369400000E+0	4.678180187E+6
2.788710000E+2	3.137308212E+1	2.400090000E+1	0.000000000E+0	8.827000000E-1	1.370200000E+0	4.671896005E+6
2.795150000E+2	3.144666902E+1	2.400100000E+1	0.000000000E+0	8.826000000E-1	1.370700000E+0	4.668707229E+6
2.801590000E+2	3.145814678E+1	2.400100000E+1	0.000000000E+0	8.819000000E-1	1.371400000E+0	4.668807283E+6
2.808050000E+2	3.146794750E+1	2.400100000E+1	0.000000000E+0	8.809000000E-1	1.371500000E+0	4.668793995E+6
2.814480000E+2	3.146801492E+1	2.400090000E+1	0.000000000E+0	8.797000000E-1	1.371400000E+0	4.669027821E+6
2.820920000E+2	3.146817504E+1	2.400060000E+1	0.000000000E+0	8.787000000E-1	1.371200000E+0	4.668842315E+6
2.827360000E+2	3.146802335E+1	2.400060000E+1	0.000000000E+0	8.776000000E-1	1.371200000E+0	4.668610198E+6
2.833800000E+2	3.146804863E+1	2.400050000E+1	0.000000000E+0	8.767000000E-1	1.371200000E+0	4.668778836E+6
2.840230000E+2	3.146806548E+1	2.400040000E+1	0.000000000E+0	8.759000000E-1	1.371000000E+0	4.668523916E+6
2.846680000E+2	3.146806548E+1	2.400020000E+1	0.000000000E+0	8.750000000E-1	1.370700000E+0	4.668988777E+6
2.853110000E+2	3.146804863E+1	2.400000000E+1	0.000000000E+0	8.743000000E-1	1.370600000E+0	4.668230418E+6
